{
    "17": [
        [
            0.0,
            0.22340511533325874,
            0.3776059329472873,
            0.4892292467828759,
            0.5713565102591972,
            0.5256174689375124,
            0.711407494027772,
            0.8373912910785741,
            0.9860418572690683,
            0.5493252834264745,
            0.7244823980705668,
            0.852179875811524,
            1.0,
            0.499149891299231,
            0.6591883672858615,
            0.7726416085839618,
            0.8433891536189427,
            0.47456341068495317,
            0.5405779168721833,
            0.5580486380529955,
            0.49134264905208114
        ],
        [
            0.22340511533325874,
            0.0,
            0.17908226898823448,
            0.32396622634485484,
            0.45896383751622427,
            0.3771540812607131,
            0.554545796844275,
            0.6772170429435486,
            0.8242620121791757,
            0.44992814758101735,
            0.6141726004910367,
            0.7360699015691162,
            0.8796785620335661,
            0.4564651599726955,
            0.591778841826942,
            0.6959042064993367,
            0.757102014235688,
            0.4772300383500037,
            0.5023710606692179,
            0.4965966881532343,
            0.42762229115516137
        ],
        [
            0.3776059329472873,
            0.17908226898823448,
            0.0,
            0.15729317587987873,
            0.3310318284831375,
            0.3341162321834113,
            0.4691971314144875,
            0.5759502283098431,
            0.7130069970341516,
            0.41738875101146666,
            0.5435361613251288,
            0.6470689929746173,
            0.7793025462020903,
            0.4435737174044953,
            0.5386124189178902,
            0.6193963229463937,
            0.665916527119846,
            0.4751976606204677,
            0.4549115447900269,
            0.41623242856127113,
            0.34372865954262777
        ],
        [
            0.4892292467828759,
            0.32396622634485484,
            0.15729317587987873,
            0.0,
            0.20031121395230828,
            0.35759663155586785,
            0.4384701159857609,
            0.5225902420980556,
            0.6444938215893392,
            0.4115041122081884,
            0.49170619774880775,
            0.5727946724393983,
            0.6916745423406828,
            0.42827416475668606,
            0.48222131092185133,
            0.536067128032885,
            0.5683822330101519,
            0.4527121323055308,
            0.39383367807272723,
            0.3240958446963232,
            0.25407377765100153
        ],
        [
            0.5713565102591972,
            0.45896383751622427,
            0.3310318284831375,
            0.20031121395230828,
            0.0,
            0.38127073115546156,
            0.41524559817391465,
            0.4778940407797288,
            0.5841240256782446,
            0.3637409791934296,
            0.39387515657949973,
            0.4545651182388356,
            0.5646681336276561,
            0.3414287545923981,
            0.3475957142344398,
            0.3746319397319788,
            0.399917734966186,
            0.34780416957838073,
            0.24954933418189215,
            0.15298189645887747,
            0.12833234536431284
        ],
        [
            0.5256174689375124,
            0.3771540812607131,
            0.3341162321834113,
            0.35759663155586785,
            0.38127073115546156,
            0.0,
            0.19252624561187193,
            0.3223436443768573,
            0.4730306647704808,
            0.14541341908204752,
            0.2741062508862538,
            0.39496950871382214,
            0.5368414091251076,
            0.2757670867366805,
            0.3305764187193265,
            0.4231526020191164,
            0.47937494188378954,
            0.3862028019681619,
            0.37427502071919233,
            0.3971335575085907,
            0.4103670366761045
        ],
        [
            0.711407494027772,
            0.554545796844275,
            0.4691971314144875,
            0.4384701159857609,
            0.41524559817391465,
            0.19252624561187193,
            0.0,
            0.12990835025817987,
            0.2805212243751088,
            0.22238927419460627,
            0.185598256700801,
            0.2551936619340894,
            0.37495419827697635,
            0.3640011769556533,
            0.3217275921084173,
            0.3609222233144118,
            0.3902435128319606,
            0.480255412936274,
            0.4310346030380391,
            0.44150750511570314,
            0.4838521877522288
        ],
        [
            0.8373912910785741,
            0.6772170429435486,
            0.5759502283098431,
            0.5225902420980556,
            0.4778940407797288,
            0.3223436443768573,
            0.12990835025817987,
            0.0,
            0.15073220578663984,
            0.33284332412789486,
            0.22174623121842588,
            0.2140220393087531,
            0.2881038307617367,
            0.46077930196216077,
            0.3758869914433741,
            0.37218956896755073,
            0.3751543539512854,
            0.5715219994175595,
            0.5066428080818033,
            0.5087322238978905,
            0.5625306375170587
        ],
        [
            0.9860418572690683,
            0.8242620121791757,
            0.7130069970341516,
            0.6444938215893392,
            0.5841240256782446,
            0.4730306647704808,
            0.2805212243751088,
            0.15073220578663984,
            0.0,
            0.47281051795937307,
            0.3284790984156007,
            0.2554654019152854,
            0.24088990453554493,
            0.5891448820840438,
            0.4767998345982053,
            0.4370051532495031,
            0.413287999188615,
            0.6936090358529796,
            0.6191768235930873,
            0.6157852833034803,
            0.6777636165989334
        ],
        [
            0.5493252834264745,
            0.44992814758101735,
            0.41738875101146666,
            0.4115041122081884,
            0.3637409791934296,
            0.14541341908204752,
            0.22238927419460627,
            0.33284332412789486,
            0.47281051795937307,
            0.0,
            0.1846100757500221,
            0.3190707944473695,
            0.4687146438856621,
            0.15442784970160991,
            0.19761292664862537,
            0.30649822978407243,
            0.3754865719715532,
            0.27845932508611293,
            0.27172741735255646,
            0.32533784855040565,
            0.3702445927664363
        ],
        [
            0.7244823980705668,
            0.6141726004910367,
            0.5435361613251288,
            0.49170619774880775,
            0.39387515657949973,
            0.2741062508862538,
            0.185598256700801,
            0.22174623121842588,
            0.3284790984156007,
            0.1846100757500221,
            0.0,
            0.13475507624956365,
            0.28421729151419,
            0.2685149457141989,
            0.1605490318582959,
            0.18999557173783507,
            0.23463607121679503,
            0.3743824213375721,
            0.3215678224626156,
            0.3587364448084864,
            0.4355294971052682
        ],
        [
            0.852179875811524,
            0.7360699015691162,
            0.6470689929746173,
            0.5727946724393983,
            0.4545651182388356,
            0.39496950871382214,
            0.2551936619340894,
            0.2140220393087531,
            0.2554654019152854,
            0.3190707944473695,
            0.13475507624956365,
            0.0,
            0.14994280294306556,
            0.38711951507317255,
            0.24243262860680187,
            0.1895070468879246,
            0.18342149441615926,
            0.4769686079857568,
            0.40600016076330686,
            0.42746899092221663,
            0.5135843390708467
        ],
        [
            1.0,
            0.8796785620335661,
            0.7793025462020903,
            0.6916745423406828,
            0.5646681336276561,
            0.5368414091251076,
            0.37495419827697635,
            0.2881038307617367,
            0.24088990453554493,
            0.4687146438856621,
            0.28421729151419,
            0.14994280294306556,
            0.0,
            0.530874679046457,
            0.37532438096714843,
            0.28707017805856944,
            0.23972387041458942,
            0.6109170244778295,
            0.5326346401713871,
            0.5443587828617138,
            0.6336482471572216
        ],
        [
            0.499149891299231,
            0.4564651599726955,
            0.4435737174044953,
            0.42827416475668606,
            0.3414287545923981,
            0.2757670867366805,
            0.3640011769556533,
            0.46077930196216077,
            0.5891448820840438,
            0.15442784970160991,
            0.2685149457141989,
            0.38711951507317255,
            0.530874679046457,
            0.0,
            0.16664494633310578,
            0.29032532115641635,
            0.37035300619837025,
            0.1260073790652864,
            0.1561636050987921,
            0.24568564997229445,
            0.2980206756505062
        ],
        [
            0.6591883672858615,
            0.591778841826942,
            0.5386124189178902,
            0.48222131092185133,
            0.3475957142344398,
            0.3305764187193265,
            0.3217275921084173,
            0.3758869914433741,
            0.4767998345982053,
            0.19761292664862537,
            0.1605490318582959,
            0.24243262860680187,
            0.37532438096714843,
            0.16664494633310578,
            0.0,
            0.12726028894664335,
            0.2089231727670037,
            0.2374767277791747,
            0.18695562432108986,
            0.2543250507651941,
            0.3462553315829128
        ],
        [
            0.7726416085839618,
            0.6959042064993367,
            0.6193963229463937,
            0.536067128032885,
            0.3746319397319788,
            0.4231526020191164,
            0.3609222233144118,
            0.37218956896755073,
            0.4370051532495031,
            0.30649822978407243,
            0.18999557173783507,
            0.1895070468879246,
            0.28707017805856944,
            0.29032532115641635,
            0.12726028894664335,
            0.0,
            0.08338765318163752,
            0.33850889926239697,
            0.25953228817027335,
            0.2939284195910456,
            0.39664411259366367
        ],
        [
            0.8433891536189427,
            0.757102014235688,
            0.665916527119846,
            0.5683822330101519,
            0.399917734966186,
            0.47937494188378954,
            0.3902435128319606,
            0.3751543539512854,
            0.413287999188615,
            0.3754865719715532,
            0.23463607121679503,
            0.18342149441615926,
            0.23972387041458942,
            0.37035300619837025,
            0.2089231727670037,
            0.08338765318163752,
            0.0,
            0.41403664066300544,
            0.32404927114095505,
            0.3375027764923164,
            0.4386159843427162
        ],
        [
            0.47456341068495317,
            0.4772300383500037,
            0.4751976606204677,
            0.4527121323055308,
            0.34780416957838073,
            0.3862028019681619,
            0.480255412936274,
            0.5715219994175595,
            0.6936090358529796,
            0.27845932508611293,
            0.3743824213375721,
            0.4769686079857568,
            0.6109170244778295,
            0.1260073790652864,
            0.2374767277791747,
            0.33850889926239697,
            0.41403664066300544,
            0.0,
            0.12242060448711732,
            0.2196047857312693,
            0.26289640953769167
        ],
        [
            0.5405779168721833,
            0.5023710606692179,
            0.4549115447900269,
            0.39383367807272723,
            0.24954933418189215,
            0.37427502071919233,
            0.4310346030380391,
            0.5066428080818033,
            0.6191768235930873,
            0.27172741735255646,
            0.3215678224626156,
            0.40600016076330686,
            0.5326346401713871,
            0.1561636050987921,
            0.18695562432108986,
            0.25953228817027335,
            0.32404927114095505,
            0.12242060448711732,
            0.0,
            0.10981802797142892,
            0.18889133324968516
        ],
        [
            0.5580486380529955,
            0.4965966881532343,
            0.41623242856127113,
            0.3240958446963232,
            0.15298189645887747,
            0.3971335575085907,
            0.44150750511570314,
            0.5087322238978905,
            0.6157852833034803,
            0.32533784855040565,
            0.3587364448084864,
            0.42746899092221663,
            0.5443587828617138,
            0.24568564997229445,
            0.2543250507651941,
            0.2939284195910456,
            0.3375027764923164,
            0.2196047857312693,
            0.10981802797142892,
            0.0,
            0.10684414835907485
        ],
        [
            0.49134264905208114,
            0.42762229115516137,
            0.34372865954262777,
            0.25407377765100153,
            0.12833234536431284,
            0.4103670366761045,
            0.4838521877522288,
            0.5625306375170587,
            0.6777636165989334,
            0.3702445927664363,
            0.4355294971052682,
            0.5135843390708467,
            0.6336482471572216,
            0.2980206756505062,
            0.3462553315829128,
            0.39664411259366367,
            0.4386159843427162,
            0.26289640953769167,
            0.18889133324968516,
            0.10684414835907485,
            0.0
        ]
    ],
    "8": [
        [
            0.0,
            0.22921898303231708,
            0.3869561473579102,
            0.5118780420732133,
            0.6366145336291419,
            0.5542714712877641,
            0.7411475659904451,
            0.8617697798000178,
            1.0,
            0.5805566527359087,
            0.7490456867968642,
            0.8604025599947357,
            0.9821812912829884,
            0.5232309795102729,
            0.6706452024959874,
            0.7719294429832946,
            0.8625710952072888,
            0.49079098707787355,
            0.5592564936391589,
            0.5743863313862041,
            0.5548946471996761
        ],
        [
            0.22921898303231708,
            0.0,
            0.18147624911179266,
            0.33222715592405877,
            0.49809617419370883,
            0.4020972118273858,
            0.5934742446184713,
            0.7149440219791392,
            0.8535153866470423,
            0.476757837660272,
            0.6402426087394274,
            0.7473247452367989,
            0.8634237504848964,
            0.4757604618563143,
            0.5965988572190396,
            0.6864087520877729,
            0.7611160684768857,
            0.48972707529320014,
            0.5189213552264134,
            0.5087534299330357,
            0.46482672519459234
        ],
        [
            0.3869561473579102,
            0.18147624911179266,
            0.0,
            0.15819222002311062,
            0.339652387034618,
            0.30541811770697813,
            0.4755589100355144,
            0.5873672037409747,
            0.720862588219533,
            0.39279204042298516,
            0.5304904443157287,
            0.6256320479880343,
            0.7345375294796125,
            0.41954587428493256,
            0.5026919526963538,
            0.5731774972501927,
            0.6325592487903783,
            0.45519914925406585,
            0.44392861368915404,
            0.408075363958422,
            0.3462645785807785
        ],
        [
            0.5118780420732133,
            0.33222715592405877,
            0.15819222002311062,
            0.0,
            0.19134536930979104,
            0.26312477192512523,
            0.3838438777689424,
            0.4783445097898853,
            0.6033407381014643,
            0.32810158683108614,
            0.42558875396886287,
            0.505279581743191,
            0.6070393604112797,
            0.36762447417484684,
            0.4057428498798674,
            0.4535851460556873,
            0.4989769062968313,
            0.4167718816404941,
            0.3678557258217834,
            0.311608494933633,
            0.24344367943036763
        ],
        [
            0.6366145336291419,
            0.49809617419370883,
            0.339652387034618,
            0.19134536930979104,
            0.0,
            0.353658122959973,
            0.39486188362089336,
            0.45098141377176987,
            0.5526472557310135,
            0.3476786006216158,
            0.3760396035842518,
            0.42504683758156125,
            0.51446861788821,
            0.35591775799695696,
            0.33548270250682943,
            0.3434947283833939,
            0.37276555129114114,
            0.38836038153869895,
            0.2965901767905325,
            0.20954435362208018,
            0.14341071531703242
        ],
        [
            0.5542714712877641,
            0.4020972118273858,
            0.30541811770697813,
            0.26312477192512523,
            0.353658122959973,
            0.0,
            0.19394577585263145,
            0.31846996657318016,
            0.4578467545149606,
            0.14882407243915588,
            0.27604125609942654,
            0.3779178616086735,
            0.485733375087878,
            0.28088241019643045,
            0.3139141405915423,
            0.38457970149969045,
            0.437997628844488,
            0.3944769221430389,
            0.3750124443616097,
            0.38397651876848365,
            0.3858686793503389
        ],
        [
            0.7411475659904451,
            0.5934742446184713,
            0.4755589100355144,
            0.3838438777689424,
            0.39486188362089336,
            0.19394577585263145,
            0.0,
            0.12525034538240093,
            0.26427980852873306,
            0.19879901141360012,
            0.16671305515046222,
            0.22719271882926395,
            0.31252497394614737,
            0.3499867977086252,
            0.29093538047723644,
            0.31157328402935547,
            0.3259470834321091,
            0.476180957441191,
            0.42852039372855255,
            0.4378123067734111,
            0.45812076371411264
        ],
        [
            0.8617697798000178,
            0.7149440219791392,
            0.5873672037409747,
            0.4783445097898853,
            0.45098141377176987,
            0.31846996657318016,
            0.12525034538240093,
            0.0,
            0.13956307737605603,
            0.29999745146054524,
            0.18691752377034607,
            0.17390547307644966,
            0.21420486069460495,
            0.4334773794705819,
            0.3343720208122705,
            0.31400095086956475,
            0.2903672022051469,
            0.5546055831893283,
            0.49390281692098,
            0.4999063960701921,
            0.5263493936982285
        ],
        [
            1.0,
            0.8535153866470423,
            0.720862588219533,
            0.6033407381014643,
            0.5526472557310135,
            0.4578467545149606,
            0.26427980852873306,
            0.13956307737605603,
            0.0,
            0.430877472626956,
            0.28876390881154385,
            0.21861534461854534,
            0.1714345357512617,
            0.5514133883512969,
            0.4315600174599274,
            0.3822440452114478,
            0.3257000887923958,
            0.6666830079081417,
            0.599534964867657,
            0.6040670974360308,
            0.6345015679058154
        ],
        [
            0.5805566527359087,
            0.476757837660272,
            0.39279204042298516,
            0.32810158683108614,
            0.3476786006216158,
            0.14882407243915588,
            0.19879901141360012,
            0.29999745146054524,
            0.430877472626956,
            0.0,
            0.17442796058920212,
            0.2892959477192093,
            0.40900184350232094,
            0.15930115725118438,
            0.17674348365563572,
            0.26436189019419815,
            0.3373860119899241,
            0.2882144703697975,
            0.2681513218322004,
            0.3059350899219952,
            0.34606702097000663
        ],
        [
            0.7490456867968642,
            0.6402426087394274,
            0.5304904443157287,
            0.42558875396886287,
            0.3760396035842518,
            0.27604125609942654,
            0.16671305515046222,
            0.18691752377034607,
            0.28876390881154385,
            0.17442796058920212,
            0.0,
            0.11526250864130902,
            0.23560452664081186,
            0.2643995066285115,
            0.15076628885415086,
            0.1577554202864124,
            0.1929346163717367,
            0.3791231252388723,
            0.3230290541944791,
            0.3510202600167382,
            0.4038769743857654
        ],
        [
            0.8604025599947357,
            0.7473247452367989,
            0.6256320479880343,
            0.505279581743191,
            0.42504683758156125,
            0.3779178616086735,
            0.22719271882926395,
            0.17390547307644966,
            0.21861534461854534,
            0.2892959477192093,
            0.11526250864130902,
            0.0,
            0.12225297557592342,
            0.36537498419885156,
            0.22552127987939657,
            0.16775743694442405,
            0.13667003758816987,
            0.46698954809456744,
            0.39775090126012197,
            0.4156046501804812,
            0.46837881694119204
        ],
        [
            0.9821812912829884,
            0.8634237504848964,
            0.7345375294796125,
            0.6070393604112797,
            0.51446861788821,
            0.485733375087878,
            0.31252497394614737,
            0.21420486069460495,
            0.1714345357512617,
            0.40900184350232094,
            0.23560452664081186,
            0.12225297557592342,
            0.0,
            0.4855377725164793,
            0.34079161221316095,
            0.2630837919343633,
            0.1910123783078088,
            0.581866251711964,
            0.5085620429254921,
            0.5205781797016135,
            0.5703940784350715
        ],
        [
            0.5232309795102729,
            0.4757604618563143,
            0.41954587428493256,
            0.36762447417484684,
            0.35591775799695696,
            0.28088241019643045,
            0.3499867977086252,
            0.4334773794705819,
            0.5514133883512969,
            0.15930115725118438,
            0.2643995066285115,
            0.36537498419885156,
            0.4855377725164793,
            0.0,
            0.1545516734879637,
            0.2639333160666199,
            0.36302245450665127,
            0.13107283879713305,
            0.14341420204396144,
            0.22079166942495831,
            0.2901999386176721
        ],
        [
            0.6706452024959874,
            0.5965988572190396,
            0.5026919526963538,
            0.4057428498798674,
            0.33548270250682943,
            0.3139141405915423,
            0.29093538047723644,
            0.3343720208122705,
            0.4315600174599274,
            0.17674348365563572,
            0.15076628885415086,
            0.22552127987939657,
            0.34079161221316095,
            0.1545516734879637,
            0.0,
            0.11182860724333711,
            0.21067210591309027,
            0.2416576520070658,
            0.1820108150414054,
            0.2323940844988349,
            0.31054848119631523
        ],
        [
            0.7719294429832946,
            0.6864087520877729,
            0.5731774972501927,
            0.4535851460556873,
            0.3434947283833939,
            0.38457970149969045,
            0.31157328402935547,
            0.31400095086956475,
            0.3822440452114478,
            0.26436189019419815,
            0.1577554202864124,
            0.16775743694442405,
            0.2630837919343633,
            0.2639333160666199,
            0.11182860724333711,
            0.0,
            0.1028691018597572,
            0.3325500693102294,
            0.2504643789841446,
            0.27240725216110234,
            0.344333012332504
        ],
        [
            0.8625710952072888,
            0.7611160684768857,
            0.6325592487903783,
            0.4989769062968313,
            0.37276555129114114,
            0.437997628844488,
            0.3259470834321091,
            0.2903672022051469,
            0.3257000887923958,
            0.3373860119899241,
            0.1929346163717367,
            0.13667003758816987,
            0.1910123783078088,
            0.36302245450665127,
            0.21067210591309027,
            0.1028691018597572,
            0.0,
            0.4331203817378188,
            0.3438088472385969,
            0.3465976964057104,
            0.4038099483938903
        ],
        [
            0.49079098707787355,
            0.48972707529320014,
            0.45519914925406585,
            0.4167718816404941,
            0.38836038153869895,
            0.3944769221430389,
            0.476180957441191,
            0.5546055831893283,
            0.6666830079081417,
            0.2882144703697975,
            0.3791231252388723,
            0.46698954809456744,
            0.581866251711964,
            0.13107283879713305,
            0.2416576520070658,
            0.3325500693102294,
            0.4331203817378188,
            0.0,
            0.11325842953390586,
            0.20148120927309948,
            0.27799549179944727
        ],
        [
            0.5592564936391589,
            0.5189213552264134,
            0.44392861368915404,
            0.3678557258217834,
            0.2965901767905325,
            0.3750124443616097,
            0.42852039372855255,
            0.49390281692098,
            0.599534964867657,
            0.2681513218322004,
            0.3230290541944791,
            0.39775090126012197,
            0.5085620429254921,
            0.14341420204396144,
            0.1820108150414054,
            0.2504643789841446,
            0.3438088472385969,
            0.11325842953390586,
            0.0,
            0.10230481728329889,
            0.19678831673870187
        ],
        [
            0.5743863313862041,
            0.5087534299330357,
            0.408075363958422,
            0.311608494933633,
            0.20954435362208018,
            0.38397651876848365,
            0.4378123067734111,
            0.4999063960701921,
            0.6040670974360308,
            0.3059350899219952,
            0.3510202600167382,
            0.4156046501804812,
            0.5205781797016135,
            0.22079166942495831,
            0.2323940844988349,
            0.27240725216110234,
            0.3465976964057104,
            0.20148120927309948,
            0.10230481728329889,
            0.0,
            0.10185898289402763
        ],
        [
            0.5548946471996761,
            0.46482672519459234,
            0.3462645785807785,
            0.24344367943036763,
            0.14341071531703242,
            0.3858686793503389,
            0.45812076371411264,
            0.5263493936982285,
            0.6345015679058154,
            0.34606702097000663,
            0.4038769743857654,
            0.46837881694119204,
            0.5703940784350715,
            0.2901999386176721,
            0.31054848119631523,
            0.344333012332504,
            0.4038099483938903,
            0.27799549179944727,
            0.19678831673870187,
            0.10185898289402763,
            0.0
        ]
    ]
}