{
 "2": [
  [
   0.0,
   0.22166052110246268,
   0.38266451399479984,
   0.5022752931912493,
   0.6066160406445699,
   0.520981702225717,
   0.7085766208702187,
   0.8292369967936017,
   0.9691116474048641,
   0.5436934630008476,
   0.7244144353903527,
   0.8545724995413876,
   1.0,
   0.4933207027197238,
   0.6019526306984737,
   0.5650174897983321,
   0.4575404365781375,
   0.4689927568485591,
   0.5832509860245018,
   0.6884481107246685,
   0.812446969685486
  ],
  [
   0.22166052110246268,
   0.0,
   0.1767904087239882,
   0.32196140846808385,
   0.47713160261085824,
   0.37360258147567843,
   0.5586462063560308,
   0.6750006226038855,
   0.8149145749055685,
   0.4451991414727235,
   0.6212181053193006,
   0.7462146435375892,
   0.8878092599057922,
   0.45131266429441497,
   0.5135600303443021,
   0.45303765518355926,
   0.34012009509952074,
   0.47192917783503213,
   0.5688583090733661,
   0.6651766550659893,
   0.7820307933578915
  ],
  [
   0.38266451399479984,
   0.1767904087239882,
   0.0,
   0.15549029268546008,
   0.34056979263464887,
   0.2974578628885356,
   0.4550919175029499,
   0.5561237651926385,
   0.6882419195297713,
   0.3880284257656501,
   0.5403915160199274,
   0.6520692428715814,
   0.7845511460908358,
   0.425261340985241,
   0.4284582171360084,
   0.34118909332925224,
   0.23566185141966073,
   0.4664954263751287,
   0.5334074032833026,
   0.6117367922328593,
   0.7146612993259088
  ],
  [
   0.5022752931912493,
   0.32196140846808385,
   0.15549029268546008,
   0.0,
   0.20074038337015226,
   0.2943091781651534,
   0.40162477236815997,
   0.47876906741439157,
   0.5963122125351183,
   0.3614707378840962,
   0.4780035693933809,
   0.572051905967893,
   0.6931338142484001,
   0.40212747764320883,
   0.3465402497935351,
   0.23216337359795372,
   0.15629434391010907,
   0.44629860951158806,
   0.478503742043213,
   0.5345084493814227,
   0.6206326980400606
  ],
  [
   0.6066160406445699,
   0.47713160261085824,
   0.34056979263464887,
   0.20074038337015226,
   0.0,
   0.38393807989508105,
   0.4365733256977803,
   0.4820806925026217,
   0.5723011278612194,
   0.37991294498813355,
   0.4486647885595744,
   0.5187782030728623,
   0.6240857939952784,
   0.3783394336438961,
   0.2667592204161731,
   0.12882446731383906,
   0.14931830054741968,
   0.3967231471937505,
   0.379200169540965,
   0.4008378334137431,
   0.46411191743633534
  ],
  [
   0.520981702225717,
   0.37360258147567843,
   0.2974578628885356,
   0.2943091781651534,
   0.38393807989508105,
   0.0,
   0.18963142485926415,
   0.3127746687948377,
   0.4554823692785643,
   0.144556196200079,
   0.2742050821209358,
   0.3909164975188672,
   0.5285058700465629,
   0.27444956807770393,
   0.28028257915628446,
   0.2999493616644941,
   0.32514425258699287,
   0.38416410059830175,
   0.43101036932662146,
   0.4991203982655375,
   0.5899984012679321
  ],
  [
   0.7085766208702187,
   0.5586462063560308,
   0.4550919175029499,
   0.40162477236815997,
   0.4365733256977803,
   0.18963142485926415,
   0.0,
   0.12598837141356478,
   0.2685427749994382,
   0.21589058482546952,
   0.18372195162739913,
   0.2500631041171321,
   0.3667753062932899,
   0.3631807268739737,
   0.30515820141783734,
   0.35760645770121724,
   0.4398383904813591,
   0.4831136948128262,
   0.4868723351905031,
   0.5198681013391176,
   0.5765395452098897
  ],
  [
   0.8292369967936017,
   0.6750006226038855,
   0.5561237651926385,
   0.47876906741439157,
   0.4820806925026217,
   0.3127746687948377,
   0.12598837141356478,
   0.0,
   0.1431877657709906,
   0.32089234035423325,
   0.2185537411189679,
   0.21088204630246918,
   0.2847430374191577,
   0.45400902105262736,
   0.36372893216437385,
   0.41763441446543437,
   0.5196392274475355,
   0.5685404999305556,
   0.5486012111919187,
   0.5582157978811167,
   0.5892683702154223
  ],
  [
   0.9691116474048641,
   0.8149145749055685,
   0.6882419195297713,
   0.5963122125351183,
   0.5723011278612194,
   0.4554823692785643,
   0.2685427749994382,
   0.1431877657709906,
   0.0,
   0.44987882010415164,
   0.31110540066193576,
   0.23688480175632343,
   0.22657277643957724,
   0.569359073081975,
   0.4628442804171287,
   0.5196455932366515,
   0.6345871317864126,
   0.6773623220236772,
   0.6379107969237097,
   0.625785323125347,
   0.6295480599156621
  ],
  [
   0.5436934630008476,
   0.4451991414727235,
   0.3880284257656501,
   0.3614707378840962,
   0.37991294498813355,
   0.144556196200079,
   0.21589058482546952,
   0.32089234035423325,
   0.44987882010415164,
   0.0,
   0.1818023930586414,
   0.3123808504442237,
   0.45809112271691166,
   0.15379237622832537,
   0.18020536234294304,
   0.26250549931287503,
   0.3293302123911171,
   0.2769755846254651,
   0.3089983019267195,
   0.3741929740747484,
   0.4653157974883004
  ],
  [
   0.7244144353903527,
   0.6212181053193006,
   0.5403915160199274,
   0.4780035693933809,
   0.4486647885595744,
   0.2742050821209358,
   0.18372195162739913,
   0.2185537411189679,
   0.31110540066193576,
   0.1818023930586414,
   0.0,
   0.13141512880482598,
   0.27723143148696056,
   0.27512012373341627,
   0.22275295213451404,
   0.33912764857130073,
   0.4539646348077384,
   0.3869789062183841,
   0.3641372614930364,
   0.3811320145050323,
   0.427551385763597
  ],
  [
   0.8545724995413876,
   0.7462146435375892,
   0.6520692428715814,
   0.572051905967893,
   0.5187782030728623,
   0.3909164975188672,
   0.2500631041171321,
   0.21088204630246918,
   0.23688480175632343,
   0.3123808504442237,
   0.13141512880482598,
   0.0,
   0.14587818433724348,
   0.3932319949425727,
   0.31367806054372777,
   0.42417840145054286,
   0.5538820628441353,
   0.4933655110885124,
   0.4458409796573573,
   0.4326419662953906,
   0.44228261426382043
  ],
  [
   1.0,
   0.8878092599057922,
   0.7845511460908358,
   0.6931338142484001,
   0.6240857939952784,
   0.5285058700465629,
   0.3667753062932899,
   0.2847430374191577,
   0.22657277643957724,
   0.45809112271691166,
   0.27723143148696056,
   0.14587818433724348,
   0.0,
   0.5327370825390788,
   0.44183198313149596,
   0.5438923824079873,
   0.6802202860326897,
   0.6244120447771261,
   0.5616790098168806,
   0.5268901793674747,
   0.5043229986173696
  ],
  [
   0.4933207027197238,
   0.45131266429441497,
   0.425261340985241,
   0.40212747764320883,
   0.3783394336438961,
   0.27444956807770393,
   0.3631807268739737,
   0.45400902105262736,
   0.569359073081975,
   0.15379237622832537,
   0.27512012373341627,
   0.3932319949425727,
   0.5327370825390788,
   0.0,
   0.16551652608504966,
   0.2534416345149952,
   0.3086497388139703,
   0.12516719935473722,
   0.17750630576674267,
   0.2680593314652398,
   0.3808304097046181
  ],
  [
   0.6019526306984737,
   0.5135600303443021,
   0.4284582171360084,
   0.3465402497935351,
   0.2667592204161731,
   0.28028257915628446,
   0.30515820141783734,
   0.36372893216437385,
   0.4628442804171287,
   0.18020536234294304,
   0.22275295213451404,
   0.31367806054372777,
   0.44183198313149596,
   0.16551652608504966,
   0.0,
   0.14243902189827845,
   0.2661783522825856,
   0.23286813393677475,
   0.19916691360171362,
   0.23234704904934797,
   0.3146349045081416
  ],
  [
   0.5650174897983321,
   0.45303765518355926,
   0.34118909332925224,
   0.23216337359795372,
   0.12882446731383906,
   0.2999493616644941,
   0.35760645770121724,
   0.41763441446543437,
   0.5196455932366515,
   0.26250549931287503,
   0.33912764857130073,
   0.42417840145054286,
   0.5438923824079873,
   0.2534416345149952,
   0.14243902189827845,
   0.0,
   0.14540502611352693,
   0.28793937539722503,
   0.2730636640523407,
   0.3086551373735527,
   0.38883868082122675
  ],
  [
   0.4575404365781375,
   0.34012009509952074,
   0.23566185141966073,
   0.15629434391010907,
   0.14931830054741968,
   0.32514425258699287,
   0.4398383904813591,
   0.5196392274475355,
   0.6345871317864126,
   0.3293302123911171,
   0.4539646348077384,
   0.5538820628441353,
   0.6802202860326897,
   0.3086497388139703,
   0.2661783522825856,
   0.14540502611352693,
   0.0,
   0.31798573226168914,
   0.34662437884252345,
   0.4068193208791186,
   0.502023992303489
  ],
  [
   0.4689927568485591,
   0.47192917783503213,
   0.4664954263751287,
   0.44629860951158806,
   0.3967231471937505,
   0.38416410059830175,
   0.4831136948128262,
   0.5685404999305556,
   0.6773623220236772,
   0.2769755846254651,
   0.3869789062183841,
   0.4933655110885124,
   0.6244120447771261,
   0.12516719935473722,
   0.23286813393677475,
   0.28793937539722503,
   0.31798573226168914,
   0.0,
   0.12142404270958819,
   0.23028581169987883,
   0.3546485114345487
  ],
  [
   0.5832509860245018,
   0.5688583090733661,
   0.5334074032833026,
   0.478503742043213,
   0.379200169540965,
   0.43101036932662146,
   0.4868723351905031,
   0.5486012111919187,
   0.6379107969237097,
   0.3089983019267195,
   0.3641372614930364,
   0.4458409796573573,
   0.5616790098168806,
   0.17750630576674267,
   0.19916691360171362,
   0.2730636640523407,
   0.34662437884252345,
   0.12142404270958819,
   0.0,
   0.10894662945418974,
   0.2335262589939303
  ],
  [
   0.6884481107246685,
   0.6651766550659893,
   0.6117367922328593,
   0.5345084493814227,
   0.4008378334137431,
   0.4991203982655375,
   0.5198681013391176,
   0.5582157978811167,
   0.625785323125347,
   0.3741929740747484,
   0.3811320145050323,
   0.4326419662953906,
   0.5268901793674747,
   0.2680593314652398,
   0.23234704904934797,
   0.3086551373735527,
   0.4068193208791186,
   0.23028581169987883,
   0.10894662945418974,
   0.0,
   0.12493717499351294
  ],
  [
   0.812446969685486,
   0.7820307933578915,
   0.7146612993259088,
   0.6206326980400606,
   0.46411191743633534,
   0.5899984012679321,
   0.5765395452098897,
   0.5892683702154223,
   0.6295480599156621,
   0.4653157974883004,
   0.427551385763597,
   0.44228261426382043,
   0.5043229986173696,
   0.3808304097046181,
   0.3146349045081416,
   0.38883868082122675,
   0.502023992303489,
   0.3546485114345487,
   0.2335262589939303,
   0.12493717499351294,
   0.0
  ]
 ]
}