{
 "2": [
  [
   0.0,
   0.2585235219987977,
   0.45946439609616563,
   0.6289350826562362,
   0.8527919534300348,
   0.606896411376669,
   0.8250500253426176,
   0.9296691592590792,
   1.0,
   0.633564673093143,
   0.8351997350300706,
   0.9107529208833227,
   0.9274376737869765,
   0.5751083709565666,
   0.7031981855937555,
   0.6437180386644584,
   0.523833947796489,
   0.5467562161481557,
   0.635160147010034,
   0.588513468073299,
   0.48146608768769744
  ],
  [
   0.2585235219987977,
   0.0,
   0.20609747400992232,
   0.384011230724292,
   0.6188373230544965,
   0.4350234048555317,
   0.6513604146880997,
   0.7449653184207586,
   0.806091107141441,
   0.518768000641809,
   0.7296272595049397,
   0.7851848530147651,
   0.7781588724718583,
   0.5262018674487642,
   0.6105760113771742,
   0.5258332411476196,
   0.38729501048894344,
   0.5502681254280244,
   0.5951238843066075,
   0.5240512647858574,
   0.40514497916842124
  ],
  [
   0.45946439609616563,
   0.20609747400992232,
   0.0,
   0.18116360998549852,
   0.42027130789253053,
   0.35786075445378895,
   0.5424573431510871,
   0.6097427126528373,
   0.6491510342559282,
   0.4788594023830065,
   0.6730071346046791,
   0.6978217171648019,
   0.6610038330447408,
   0.5348917003145607,
   0.5602966462511267,
   0.45546736955170936,
   0.32253089399542134,
   0.5895362887234752,
   0.589346286884921,
   0.5034510559647097,
   0.39754576120309026
  ],
  [
   0.6289350826562362,
   0.384011230724292,
   0.18116360998549852,
   0.0,
   0.2399238370743983,
   0.36385741536201105,
   0.4846124056584304,
   0.5108159746728147,
   0.5153598536168933,
   0.48765293011791966,
   0.6453853694844103,
   0.6335344249199044,
   0.5632014759568112,
   0.5701404457903058,
   0.5360741966852035,
   0.42091313469746344,
   0.32228918520095684,
   0.6392322373731706,
   0.5997889248188149,
   0.5086347269776881,
   0.43105649964264126
  ],
  [
   0.8527919534300348,
   0.6188373230544965,
   0.42027130789253053,
   0.2399238370743983,
   0.0,
   0.4850936265628223,
   0.5047642899034669,
   0.45944859674004285,
   0.39141966858344784,
   0.5809032360311893,
   0.6732554938312589,
   0.6087673432695635,
   0.4908078797731916,
   0.6748102999574783,
   0.5734417472088942,
   0.46414641898986436,
   0.43140969759056674,
   0.7488862705836431,
   0.6682742078404333,
   0.5818388684946267,
   0.5476332618880209
  ],
  [
   0.606896411376669,
   0.4350234048555317,
   0.35786075445378895,
   0.36385741536201105,
   0.4850936265628223,
   0.0,
   0.22062648375238822,
   0.33777188212039727,
   0.44978262424078347,
   0.16852691970229217,
   0.34025917441299874,
   0.40330415466320074,
   0.4382769059193135,
   0.3199625314875908,
   0.35735443205040507,
   0.36721763437643706,
   0.3738620485179664,
   0.4479142193875903,
   0.44601107752770275,
   0.4332137387690781,
   0.41006351585629724
  ],
  [
   0.8250500253426176,
   0.6513604146880997,
   0.5424573431510871,
   0.4846124056584304,
   0.5047642899034669,
   0.22062648375238822,
   0.0,
   0.14803795310539136,
   0.3047503997428132,
   0.24997306922830628,
   0.2564638670494109,
   0.28534731124404916,
   0.3387835263389943,
   0.42227727024673734,
   0.39143269281102383,
   0.44626139142069327,
   0.5147161168379057,
   0.5628083217805772,
   0.5263520359733391,
   0.5376397032442484,
   0.5580926824959831
  ],
  [
   0.9296691592590792,
   0.7449653184207586,
   0.6097427126528373,
   0.5108159746728147,
   0.45944859674004285,
   0.33777188212039727,
   0.14803795310539136,
   0.0,
   0.16610288142230584,
   0.3522819168887833,
   0.3068168512436245,
   0.25558336458019126,
   0.25554644596250004,
   0.5011922511568252,
   0.41171173796607147,
   0.4558260798754559,
   0.5451721686101025,
   0.6291634653505364,
   0.5611618747803012,
   0.5650470500483515,
   0.6012624038581728
  ],
  [
   1.0,
   0.806091107141441,
   0.6491510342559282,
   0.5153598536168933,
   0.39141966858344784,
   0.44978262424078347,
   0.3047503997428132,
   0.16610288142230584,
   0.0,
   0.46273598811392513,
   0.4192751376645851,
   0.31120261678446426,
   0.21459693578496783,
   0.5814903524601405,
   0.44464361510654926,
   0.45400600857662143,
   0.548571786463499,
   0.6877549479893968,
   0.5914704832380853,
   0.5760059294585639,
   0.6187300574225751
  ],
  [
   0.633564673093143,
   0.518768000641809,
   0.4788594023830065,
   0.48765293011791966,
   0.5809032360311893,
   0.16852691970229217,
   0.24997306922830628,
   0.3522819168887833,
   0.46273598811392513,
   0.0,
   0.21151310449175173,
   0.30062781498634417,
   0.37690751224710756,
   0.1793377222298522,
   0.23631344292004638,
   0.314362169867128,
   0.37991606418172325,
   0.3231135161057245,
   0.3228697401385268,
   0.3534370230741475,
   0.3749157601870463
  ],
  [
   0.8351997350300706,
   0.7296272595049397,
   0.6730071346046791,
   0.6453853694844103,
   0.6732554938312589,
   0.34025917441299874,
   0.2564638670494109,
   0.3068168512436245,
   0.4192751376645851,
   0.21151310449175173,
   0.0,
   0.1552016636769767,
   0.3082648839217452,
   0.2962341843180272,
   0.27397432720523635,
   0.41325759751375707,
   0.535159547834599,
   0.42265719118766204,
   0.3904042680762408,
   0.45907706486588845,
   0.5274501097554259
  ],
  [
   0.9107529208833227,
   0.7851848530147651,
   0.6978217171648019,
   0.6335344249199044,
   0.6087673432695635,
   0.40330415466320074,
   0.28534731124404916,
   0.25558336458019126,
   0.31120261678446426,
   0.30062781498634417,
   0.1552016636769767,
   0.0,
   0.16810537335925216,
   0.37087255338404385,
   0.2570634394073749,
   0.37811614496487295,
   0.5231229475705637,
   0.47609365828850947,
   0.39738011316399924,
   0.44848998754360003,
   0.5323443863510932
  ],
  [
   0.9274376737869765,
   0.7781588724718583,
   0.6610038330447408,
   0.5632014759568112,
   0.4908078797731916,
   0.4382769059193135,
   0.3387835263389943,
   0.25554644596250004,
   0.21459693578496783,
   0.37690751224710756,
   0.3082648839217452,
   0.16810537335925216,
   0.0,
   0.4391008701599809,
   0.2713862782752702,
   0.322657001872195,
   0.4659332854128869,
   0.5237424955106953,
   0.41313365522276685,
   0.42235796496973776,
   0.5010396336709452
  ],
  [
   0.5751083709565666,
   0.5262018674487642,
   0.5348917003145607,
   0.5701404457903058,
   0.6748102999574783,
   0.3199625314875908,
   0.42227727024673734,
   0.5011922511568252,
   0.5814903524601405,
   0.1793377222298522,
   0.2962341843180272,
   0.37087255338404385,
   0.4391008701599809,
   0.0,
   0.19202817701613517,
   0.28298875726200684,
   0.35543401573895383,
   0.146122241288219,
   0.18498035523380257,
   0.2513765103450753,
   0.29539726200172195
  ],
  [
   0.7031981855937555,
   0.6105760113771742,
   0.5602966462511267,
   0.5360741966852035,
   0.5734417472088942,
   0.35735443205040507,
   0.39143269281102383,
   0.41171173796607147,
   0.44464361510654926,
   0.23631344292004638,
   0.27397432720523635,
   0.2570634394073749,
   0.2713862782752702,
   0.19202817701613517,
   0.0,
   0.1653786778137028,
   0.3145958424022514,
   0.25288635354556543,
   0.15195887880953302,
   0.19471650409360455,
   0.28999662237479545
  ],
  [
   0.6437180386644584,
   0.5258332411476196,
   0.45546736955170936,
   0.42091313469746344,
   0.46414641898986436,
   0.36721763437643706,
   0.44626139142069327,
   0.4558260798754559,
   0.45400600857662143,
   0.314362169867128,
   0.41325759751375707,
   0.37811614496487295,
   0.322657001872195,
   0.28298875726200684,
   0.1653786778137028,
   0.0,
   0.1678340890635945,
   0.30959129152860315,
   0.20738494902919485,
   0.12979757622300908,
   0.18138583303403905
  ],
  [
   0.523833947796489,
   0.38729501048894344,
   0.32253089399542134,
   0.32228918520095684,
   0.43140969759056674,
   0.3738620485179664,
   0.5147161168379057,
   0.5451721686101025,
   0.548571786463499,
   0.37991606418172325,
   0.535159547834599,
   0.5231229475705637,
   0.4659332854128869,
   0.35543401573895383,
   0.3145958424022514,
   0.1678340890635945,
   0.0,
   0.3665355730147533,
   0.3148877232429223,
   0.20178030829849763,
   0.11882766148347756
  ],
  [
   0.5467562161481557,
   0.5502681254280244,
   0.5895362887234752,
   0.6392322373731706,
   0.7488862705836431,
   0.4479142193875903,
   0.5628083217805772,
   0.6291634653505364,
   0.6877549479893968,
   0.3231135161057245,
   0.42265719118766204,
   0.47609365828850947,
   0.5237424955106953,
   0.146122241288219,
   0.25288635354556543,
   0.30959129152860315,
   0.3665355730147533,
   0.0,
   0.14023779528082597,
   0.21584057454965327,
   0.26772762865076516
  ],
  [
   0.635160147010034,
   0.5951238843066075,
   0.589346286884921,
   0.5997889248188149,
   0.6682742078404333,
   0.44601107752770275,
   0.5263520359733391,
   0.5611618747803012,
   0.5914704832380853,
   0.3228697401385268,
   0.3904042680762408,
   0.39738011316399924,
   0.41313365522276685,
   0.18498035523380257,
   0.15195887880953302,
   0.20738494902919485,
   0.3148877232429223,
   0.14023779528082597,
   0.0,
   0.12597644306115713,
   0.23663255781956716
  ],
  [
   0.588513468073299,
   0.5240512647858574,
   0.5034510559647097,
   0.5086347269776881,
   0.5818388684946267,
   0.4332137387690781,
   0.5376397032442484,
   0.5650470500483515,
   0.5760059294585639,
   0.3534370230741475,
   0.45907706486588845,
   0.44848998754360003,
   0.42235796496973776,
   0.2513765103450753,
   0.19471650409360455,
   0.12979757622300908,
   0.20178030829849763,
   0.21584057454965327,
   0.12597644306115713,
   0.0,
   0.12961229835111265
  ],
  [
   0.48146608768769744,
   0.40514497916842124,
   0.39754576120309026,
   0.43105649964264126,
   0.5476332618880209,
   0.41006351585629724,
   0.5580926824959831,
   0.6012624038581728,
   0.6187300574225751,
   0.3749157601870463,
   0.5274501097554259,
   0.5323443863510932,
   0.5010396336709452,
   0.29539726200172195,
   0.28999662237479545,
   0.18138583303403905,
   0.11882766148347756,
   0.26772762865076516,
   0.23663255781956716,
   0.12961229835111265,
   0.0
  ]
 ]
}