{
    "5": [
        [
            0.0,
            0.24208798118881292,
            0.398421484161975,
            0.5135618847852261,
            0.6272883599602049,
            0.5701010504379578,
            0.7330302587240588,
            0.8447057465538027,
            0.9661831277934955,
            0.5967368746034877,
            0.7459792273980274,
            0.8632941048392113,
            1.0,
            0.5428085418464048,
            0.6869744147378296,
            0.8094663013230525,
            0.9312417689273546,
            0.5162365817992913,
            0.5996262249427846,
            0.611450015272868,
            0.5482798302418539
        ],
        [
            0.24208798118881292,
            0.0,
            0.19322436926574116,
            0.35210968654475827,
            0.5318252075532868,
            0.40961916413712096,
            0.5768010589692649,
            0.6888176282771129,
            0.8063662082869408,
            0.48930615499323327,
            0.6248250655901401,
            0.7364418243265288,
            0.8661910244827442,
            0.4967249036761849,
            0.5979742875777271,
            0.6996699636463674,
            0.8032722335537522,
            0.5192117691993676,
            0.5563646553021262,
            0.54050007835597,
            0.46586224510147667
        ],
        [
            0.398421484161975,
            0.19322436926574116,
            0.0,
            0.1707425493107436,
            0.37835128425628817,
            0.28999972706393196,
            0.413521816240542,
            0.511109021330364,
            0.6187133164263607,
            0.3749950855461264,
            0.4673023325223951,
            0.5635828492765773,
            0.6836956461008442,
            0.407081027114516,
            0.4559738980307877,
            0.5330423695986286,
            0.6222157150373473,
            0.45144845086649765,
            0.44320483712832126,
            0.40380697542898825,
            0.330665278991048
        ],
        [
            0.5135618847852261,
            0.35210968654475827,
            0.1707425493107436,
            0.0,
            0.22041885893957733,
            0.2816397025199291,
            0.31232429361781605,
            0.3788167556143546,
            0.47099643051315676,
            0.3160058254631711,
            0.3389258608794106,
            0.4116483843639924,
            0.5222371705588734,
            0.33594563492940455,
            0.32536317507376145,
            0.3748336167210659,
            0.455565113093462,
            0.3794476326938746,
            0.3253889929994872,
            0.2598116155154165,
            0.1961460248444545
        ],
        [
            0.6272883599602049,
            0.5318252075532868,
            0.37835128425628817,
            0.22041885893957733,
            0.0,
            0.38898571140625654,
            0.3228600067940161,
            0.3338654377924081,
            0.3985948520969633,
            0.3255183098947013,
            0.2580939814181901,
            0.28972350964783594,
            0.3909363957721325,
            0.2760806045750261,
            0.19604306994672668,
            0.21611649721679235,
            0.3127263910607932,
            0.2829246948426887,
            0.16989103599573407,
            0.06337412211498564,
            0.10894777991436966
        ],
        [
            0.5701010504379578,
            0.40961916413712096,
            0.28999972706393196,
            0.2816397025199291,
            0.38898571140625654,
            0.0,
            0.2084350296742641,
            0.34687342411311856,
            0.49683518511299535,
            0.15789819496652543,
            0.29300393788260576,
            0.4234977762432835,
            0.5724658507484808,
            0.29923696882316203,
            0.32759388629097036,
            0.42555689579510697,
            0.5424069660864574,
            0.41904768189635866,
            0.3995220463010501,
            0.41256534871608624,
            0.4179979524596809
        ],
        [
            0.7330302587240588,
            0.5768010589692649,
            0.413521816240542,
            0.31232429361781605,
            0.3228600067940161,
            0.2084350296742641,
            0.0,
            0.14039030981212594,
            0.29600811123598847,
            0.19586597855353072,
            0.13452718060556548,
            0.2308613862323597,
            0.3726685617626624,
            0.32408248038980736,
            0.22981158456363682,
            0.26129181790437506,
            0.3576803100634598,
            0.4410557030427143,
            0.3633182041498657,
            0.35895371549590555,
            0.3993306450837079
        ],
        [
            0.8447057465538027,
            0.6888176282771129,
            0.511109021330364,
            0.3788167556143546,
            0.3338654377924081,
            0.34687342411311856,
            0.14039030981212594,
            0.0,
            0.15822510078198457,
            0.3164140143378299,
            0.15366921390428653,
            0.13295179443242117,
            0.24102711707301025,
            0.4090716695750331,
            0.25792406600950823,
            0.19938381978010164,
            0.24274277628624563,
            0.5065056633939984,
            0.4005370319674667,
            0.3762088412227266,
            0.42853218493214795
        ],
        [
            0.9661831277934955,
            0.8063662082869408,
            0.6187133164263607,
            0.47099643051315676,
            0.3985948520969633,
            0.49683518511299535,
            0.29600811123598847,
            0.15822510078198457,
            0.0,
            0.4690477862527092,
            0.2863489758183937,
            0.1734697153141695,
            0.13655773848354838,
            0.5388602316229841,
            0.3674266432361367,
            0.24292282547833913,
            0.16877186138395936,
            0.6153382131876247,
            0.49281530008857655,
            0.44504059628398696,
            0.4938608566099859
        ],
        [
            0.5967368746034877,
            0.48930615499323327,
            0.3749950855461264,
            0.3160058254631711,
            0.3255183098947013,
            0.15789819496652543,
            0.19586597855353072,
            0.3164140143378299,
            0.4690477862527092,
            0.0,
            0.20033393915318345,
            0.34734361486073045,
            0.5102964523008651,
            0.16757031237291437,
            0.20416284496381815,
            0.3352081572712752,
            0.48024520773490237,
            0.30222758818952217,
            0.2821262119886398,
            0.3309646873168068,
            0.37547020259892
        ],
        [
            0.7459792273980274,
            0.6248250655901401,
            0.4673023325223951,
            0.3389258608794106,
            0.2580939814181901,
            0.29300393788260576,
            0.13452718060556548,
            0.15366921390428653,
            0.2863489758183937,
            0.20033393915318345,
            0.0,
            0.14730008650258805,
            0.311056104170608,
            0.26255664791599936,
            0.11464243590805381,
            0.15262275277749082,
            0.2886029200134525,
            0.3625676623265665,
            0.26753098867460245,
            0.2796350314952012,
            0.3537535364278128
        ],
        [
            0.8632941048392113,
            0.7364418243265288,
            0.5635828492765773,
            0.4116483843639924,
            0.28972350964783594,
            0.4234977762432835,
            0.2308613862323597,
            0.13295179443242117,
            0.1734697153141695,
            0.34734361486073045,
            0.14730008650258805,
            0.0,
            0.16428627167147777,
            0.38685791812838605,
            0.20727504233905503,
            0.08963441547343122,
            0.15479444404323295,
            0.45890893562932517,
            0.33897895089504293,
            0.31935757474141147,
            0.3971150188886556
        ],
        [
            1.0,
            0.8661910244827442,
            0.6836956461008442,
            0.5222371705588734,
            0.3909363957721325,
            0.5724658507484808,
            0.3726685617626624,
            0.24102711707301025,
            0.13655773848354838,
            0.5102964523008651,
            0.311056104170608,
            0.16428627167147777,
            0.0,
            0.541974091050133,
            0.35981047758359835,
            0.20813767512159115,
            0.08997099580021119,
            0.5960088531525352,
            0.46701376382959053,
            0.4244242317806088,
            0.4921144513750673
        ],
        [
            0.5428085418464048,
            0.4967249036761849,
            0.407081027114516,
            0.33594563492940455,
            0.2760806045750261,
            0.29923696882316203,
            0.32408248038980736,
            0.4090716695750331,
            0.5388602316229841,
            0.16757031237291437,
            0.26255664791599936,
            0.38685791812838605,
            0.541974091050133,
            0.0,
            0.1824063909725832,
            0.33736298974484724,
            0.4951655152841772,
            0.13681101832444553,
            0.15761764627904504,
            0.2490675256681575,
            0.3084410516637732
        ],
        [
            0.6869744147378296,
            0.5979742875777271,
            0.4559738980307877,
            0.32536317507376145,
            0.19604306994672668,
            0.32759388629097036,
            0.22981158456363682,
            0.25792406600950823,
            0.3674266432361367,
            0.20416284496381815,
            0.11464243590805381,
            0.20727504233905503,
            0.35981047758359835,
            0.1824063909725832,
            0.0,
            0.15691947658295502,
            0.31711468497452333,
            0.25696023229816956,
            0.15580573859026609,
            0.19378540658659968,
            0.2863928547508675
        ],
        [
            0.8094663013230525,
            0.6996699636463674,
            0.5330423695986286,
            0.3748336167210659,
            0.21611649721679235,
            0.42555689579510697,
            0.26129181790437506,
            0.19938381978010164,
            0.24292282547833913,
            0.3352081572712752,
            0.15262275277749082,
            0.08963441547343122,
            0.20813767512159115,
            0.33736298974484724,
            0.15691947658295502,
            0.0,
            0.16154186005830665,
            0.38901512368022756,
            0.26212167549467985,
            0.23800595249435086,
            0.3249978247225152
        ],
        [
            0.9312417689273546,
            0.8032722335537522,
            0.6222157150373473,
            0.455565113093462,
            0.3127263910607932,
            0.5424069660864574,
            0.3576803100634598,
            0.24274277628624563,
            0.16877186138395936,
            0.48024520773490237,
            0.2886029200134525,
            0.15479444404323295,
            0.08997099580021119,
            0.4951655152841772,
            0.31711468497452333,
            0.16154186005830665,
            0.0,
            0.5369486964959953,
            0.4046263772763529,
            0.34776609215875354,
            0.4098778530601377
        ],
        [
            0.5162365817992913,
            0.5192117691993676,
            0.45144845086649765,
            0.3794476326938746,
            0.2829246948426887,
            0.41904768189635866,
            0.4410557030427143,
            0.5065056633939984,
            0.6153382131876247,
            0.30222758818952217,
            0.3625676623265665,
            0.45890893562932517,
            0.5960088531525352,
            0.13681101832444553,
            0.25696023229816956,
            0.38901512368022756,
            0.5369486964959953,
            0.0,
            0.13351883532386516,
            0.23186126319460312,
            0.2854859711418719
        ],
        [
            0.5996262249427846,
            0.5563646553021262,
            0.44320483712832126,
            0.3253889929994872,
            0.16989103599573407,
            0.3995220463010501,
            0.3633182041498657,
            0.4005370319674667,
            0.49281530008857655,
            0.2821262119886398,
            0.26753098867460245,
            0.33897895089504293,
            0.46701376382959053,
            0.15761764627904504,
            0.15580573859026609,
            0.26212167549467985,
            0.4046263772763529,
            0.13351883532386516,
            0.0,
            0.1199230015572366,
            0.21269161197740374
        ],
        [
            0.611450015272868,
            0.54050007835597,
            0.40380697542898825,
            0.2598116155154165,
            0.06337412211498564,
            0.41256534871608624,
            0.35895371549590555,
            0.3762088412227266,
            0.44504059628398696,
            0.3309646873168068,
            0.2796350314952012,
            0.31935757474141147,
            0.4244242317806088,
            0.2490675256681575,
            0.19378540658659968,
            0.23800595249435086,
            0.34776609215875354,
            0.23186126319460312,
            0.1199230015572366,
            0.0,
            0.11430398791671696
        ],
        [
            0.5482798302418539,
            0.46586224510147667,
            0.330665278991048,
            0.1961460248444545,
            0.10894777991436966,
            0.4179979524596809,
            0.3993306450837079,
            0.42853218493214795,
            0.4938608566099859,
            0.37547020259892,
            0.3537535364278128,
            0.3971150188886556,
            0.4921144513750673,
            0.3084410516637732,
            0.2863928547508675,
            0.3249978247225152,
            0.4098778530601377,
            0.2854859711418719,
            0.21269161197740374,
            0.11430398791671696,
            0.0
        ]
    ],
    "30": [
        [
            0.0,
            0.22495322229616968,
            0.3849805042522142,
            0.5120274736103924,
            0.6031951685372341,
            0.529064211814272,
            0.7104931655649711,
            0.827962635476815,
            0.9634418080188584,
            0.5527979642819147,
            0.7229296540055324,
            0.8501740900651013,
            1.0,
            0.5020171418397813,
            0.6530516068252569,
            0.7793265531990285,
            0.913810218324172,
            0.47715054408126417,
            0.5440700206792208,
            0.5603559352706708,
            0.5482429308853067
        ],
        [
            0.22495322229616968,
            0.0,
            0.1796259057671714,
            0.33062033076535724,
            0.4760387175420868,
            0.3796764069136479,
            0.5647598382028606,
            0.6840276715177306,
            0.8192502465182172,
            0.45293008178220223,
            0.6096504292347896,
            0.7321275958047238,
            0.8770223564828906,
            0.4593560019566758,
            0.575202143137493,
            0.687489313541102,
            0.8071886887361968,
            0.48014273996862106,
            0.5059612462589259,
            0.4972181276513146,
            0.4590819764521978
        ],
        [
            0.3849805042522142,
            0.1796259057671714,
            0.0,
            0.15805367717506374,
            0.3330553601570873,
            0.30214324812265797,
            0.456541827654306,
            0.5621995190667757,
            0.6860486434336193,
            0.39103278792975915,
            0.5078248133728365,
            0.6140767728128418,
            0.7484186093640188,
            0.42584688439374907,
            0.492640059955408,
            0.5785916372596074,
            0.678796125513918,
            0.4658965325941462,
            0.44744515784787264,
            0.4106464642543343,
            0.35027495461981095
        ],
        [
            0.5120274736103924,
            0.33062033076535724,
            0.15805367717506374,
            0.0,
            0.1995413331240997,
            0.29505156301282365,
            0.38694455608680706,
            0.46644867465076906,
            0.5716032963956243,
            0.36171439161644364,
            0.4226194847103411,
            0.5054359757620451,
            0.626718234107016,
            0.40309095073976087,
            0.41585202566827145,
            0.46866258642159536,
            0.5481762119099112,
            0.44858386805338035,
            0.38954730431105855,
            0.3272565170632102,
            0.25300731100852886
        ],
        [
            0.6031951685372341,
            0.4760387175420868,
            0.3330553601570873,
            0.1995413331240997,
            0.0,
            0.41143208920589486,
            0.4420337954435213,
            0.4804500826009698,
            0.5514261049348782,
            0.410109912079491,
            0.41413111289456844,
            0.46263725992650034,
            0.5651346306224265,
            0.40054112819840837,
            0.3704342987745735,
            0.38038771727708154,
            0.4399295258647531,
            0.4103373877468614,
            0.3121491087624403,
            0.2105410583960614,
            0.10963341189517956
        ],
        [
            0.529064211814272,
            0.3796764069136479,
            0.30214324812265797,
            0.29505156301282365,
            0.41143208920589486,
            0.0,
            0.19328237818968186,
            0.3214595490096674,
            0.4661168790520121,
            0.14676104298682416,
            0.2723222972819347,
            0.3963794527728542,
            0.5393858693790041,
            0.27838283524996843,
            0.31084868818421413,
            0.4120353741892266,
            0.5239492494133485,
            0.38971725505421717,
            0.37839875019288277,
            0.39717898380642247,
            0.41647894361493193
        ],
        [
            0.7104931655649711,
            0.5647598382028606,
            0.456541827654306,
            0.38694455608680706,
            0.4420337954435213,
            0.19328237818968186,
            0.0,
            0.13004269962441126,
            0.2763685172099987,
            0.19395614051579804,
            0.14563850414066368,
            0.2324258905549619,
            0.36056278989963414,
            0.3354622933555988,
            0.26489054115953564,
            0.30869068148043377,
            0.38750607761984546,
            0.454751532142392,
            0.40967348757182437,
            0.4259191226723541,
            0.46277027098235496
        ],
        [
            0.827962635476815,
            0.6840276715177306,
            0.5621995190667757,
            0.46644867465076906,
            0.4804500826009698,
            0.3214595490096674,
            0.13004269962441126,
            0.0,
            0.14664851655603917,
            0.29627567128135607,
            0.15301617062680634,
            0.14512735349989825,
            0.2403378259904243,
            0.4124295105276536,
            0.29191335315027767,
            0.2736108301307346,
            0.3062975312471523,
            0.5218644433922176,
            0.45801055040942945,
            0.46726647851014724,
            0.5090876456967565
        ],
        [
            0.9634418080188584,
            0.8192502465182172,
            0.6860486434336193,
            0.5716032963956243,
            0.5514261049348782,
            0.4661168790520121,
            0.2763685172099987,
            0.14664851655603917,
            0.0,
            0.4322871672364409,
            0.26111658316314534,
            0.16112495241075514,
            0.13529887900939105,
            0.5281504187904008,
            0.3812054899840078,
            0.30645322026661087,
            0.26646576194498167,
            0.6248975428409713,
            0.5468772496665095,
            0.5467994014472803,
            0.5878236501034465
        ],
        [
            0.5527979642819147,
            0.45293008178220223,
            0.39103278792975915,
            0.36171439161644364,
            0.410109912079491,
            0.14676104298682416,
            0.19395614051579804,
            0.29627567128135607,
            0.4322871672364409,
            0.0,
            0.18524637731645777,
            0.3211554724243878,
            0.47270814027633407,
            0.15597107539865,
            0.1849931150098784,
            0.3100244206520828,
            0.4423740205205529,
            0.2810753392565048,
            0.2749293940238862,
            0.3254046248266686,
            0.38642878971224337
        ],
        [
            0.7229296540055324,
            0.6096504292347896,
            0.5078248133728365,
            0.4226194847103411,
            0.41413111289456844,
            0.2723222972819347,
            0.14563850414066368,
            0.15301617062680634,
            0.26111658316314534,
            0.18524637731645777,
            0.0,
            0.13598211821214234,
            0.28752875219609336,
            0.2679433417523885,
            0.14152022166447328,
            0.17383594388024884,
            0.27737832702242504,
            0.3727701877966582,
            0.314928338810842,
            0.3446282364285407,
            0.41173600967701585
        ],
        [
            0.8501740900651013,
            0.7321275958047238,
            0.6140767728128418,
            0.5054359757620451,
            0.46263725992650034,
            0.3963794527728542,
            0.2324258905549619,
            0.14512735349989825,
            0.16112495241075514,
            0.3211554724243878,
            0.13598211821214234,
            0.0,
            0.15231615019106043,
            0.38566007911199035,
            0.22777884145182703,
            0.15429695432116008,
            0.17791187481472936,
            0.4729482927773122,
            0.396196929484339,
            0.41008531103428836,
            0.4732460493137728
        ],
        [
            1.0,
            0.8770223564828906,
            0.7484186093640188,
            0.626718234107016,
            0.5651346306224265,
            0.5393858693790041,
            0.36056278989963414,
            0.2403378259904243,
            0.13529887900939105,
            0.47270814027633407,
            0.28752875219609336,
            0.15231615019106043,
            0.0,
            0.5325472353986325,
            0.36884226313905316,
            0.25826640556073627,
            0.17816632065066945,
            0.6101711855083768,
            0.5261290313795166,
            0.5300969913027256,
            0.5865764765280718
        ],
        [
            0.5020171418397813,
            0.4593560019566758,
            0.42584688439374907,
            0.40309095073976087,
            0.40054112819840837,
            0.27838283524996843,
            0.3354622933555988,
            0.4124295105276536,
            0.5281504187904008,
            0.15597107539865,
            0.2679433417523885,
            0.38566007911199035,
            0.5325472353986325,
            0.0,
            0.16846260271464272,
            0.31026363922059863,
            0.4581136009329999,
            0.12711325776066107,
            0.15794693223215525,
            0.24610553213662673,
            0.33695734857586157
        ],
        [
            0.6530516068252569,
            0.575202143137493,
            0.492640059955408,
            0.41585202566827145,
            0.3704342987745735,
            0.31084868818421413,
            0.26489054115953564,
            0.29191335315027767,
            0.3812054899840078,
            0.1849931150098784,
            0.14152022166447328,
            0.22777884145182703,
            0.36884226313905316,
            0.16846260271464272,
            0.0,
            0.14481485464333743,
            0.2922517421162355,
            0.24524355771644027,
            0.1829259930555326,
            0.23660812980827362,
            0.33271154271294173
        ],
        [
            0.7793265531990285,
            0.687489313541102,
            0.5785916372596074,
            0.46866258642159536,
            0.38038771727708154,
            0.4120353741892266,
            0.30869068148043377,
            0.2736108301307346,
            0.30645322026661087,
            0.3100244206520828,
            0.17383594388024884,
            0.15429695432116008,
            0.25826640556073627,
            0.31026363922059863,
            0.14481485464333743,
            0.0,
            0.14857339974549247,
            0.363604067936587,
            0.27069990178485887,
            0.28325526217939934,
            0.3646433895700064
        ],
        [
            0.913810218324172,
            0.8071886887361968,
            0.678796125513918,
            0.5481762119099112,
            0.4399295258647531,
            0.5239492494133485,
            0.38750607761984546,
            0.3062975312471523,
            0.26646576194498167,
            0.4423740205205529,
            0.27737832702242504,
            0.17791187481472936,
            0.17816632065066945,
            0.4581136009329999,
            0.2922517421162355,
            0.14857339974549247,
            0.0,
            0.5061092777995517,
            0.40378739881795034,
            0.3912490834927366,
            0.44879958045625556
        ],
        [
            0.47715054408126417,
            0.48014273996862106,
            0.4658965325941462,
            0.44858386805338035,
            0.4103373877468614,
            0.38971725505421717,
            0.454751532142392,
            0.5218644433922176,
            0.6248975428409713,
            0.2810753392565048,
            0.3727701877966582,
            0.4729482927773122,
            0.6101711855083768,
            0.12711325776066107,
            0.24524355771644027,
            0.363604067936587,
            0.5061092777995517,
            0.0,
            0.12330947478976453,
            0.2214106007355235,
            0.3199818798672417
        ],
        [
            0.5440700206792208,
            0.5059612462589259,
            0.44744515784787264,
            0.38954730431105855,
            0.3121491087624403,
            0.37839875019288277,
            0.40967348757182437,
            0.45801055040942945,
            0.5468772496665095,
            0.2749293940238862,
            0.314928338810842,
            0.396196929484339,
            0.5261290313795166,
            0.15794693223215525,
            0.1829259930555326,
            0.27069990178485887,
            0.40378739881795034,
            0.12330947478976453,
            0.0,
            0.1108924751927332,
            0.22700108543452144
        ],
        [
            0.5603559352706708,
            0.4972181276513146,
            0.4106464642543343,
            0.3272565170632102,
            0.2105410583960614,
            0.39717898380642247,
            0.4259191226723541,
            0.46726647851014724,
            0.5467994014472803,
            0.3254046248266686,
            0.3446282364285407,
            0.41008531103428836,
            0.5300969913027256,
            0.24610553213662673,
            0.23660812980827362,
            0.28325526217939934,
            0.3912490834927366,
            0.2214106007355235,
            0.1108924751927332,
            0.0,
            0.12251746516184346
        ],
        [
            0.5482429308853067,
            0.4590819764521978,
            0.35027495461981095,
            0.25300731100852886,
            0.10963341189517956,
            0.41647894361493193,
            0.46277027098235496,
            0.5090876456967565,
            0.5878236501034465,
            0.38642878971224337,
            0.41173600967701585,
            0.4732460493137728,
            0.5865764765280718,
            0.33695734857586157,
            0.33271154271294173,
            0.3646433895700064,
            0.44879958045625556,
            0.3199818798672417,
            0.22700108543452144,
            0.12251746516184346,
            0.0
        ]
    ]
}