{
    "6": [
        [
            0.0,
            0.23723149397936372,
            0.4090742408722149,
            0.5146582038451256,
            0.5509126588350878,
            0.5577312289242731,
            0.7457989337534661,
            0.861416108449639,
            1.0,
            0.5827935394228853,
            0.7400476234890789,
            0.8502992900529418,
            0.9851931246993707,
            0.5295259457470589,
            0.5681033784172083,
            0.4582369902506707,
            0.31607188665571995,
            0.5036074791594224,
            0.5084262099194263,
            0.42056116028075896,
            0.300174440535239
        ],
        [
            0.23723149397936372,
            0.0,
            0.18713252073712916,
            0.3299694580903724,
            0.4368662835245509,
            0.4002841509711045,
            0.5784403604750327,
            0.68974405281846,
            0.8258133675858307,
            0.4776871518246475,
            0.6200870019933633,
            0.7243209938045325,
            0.8567779789874773,
            0.48490023884298644,
            0.48198005789391024,
            0.3612260006226824,
            0.21721406309432784,
            0.5071694117517421,
            0.4738309041445418,
            0.38013596254496024,
            0.27762955391281063
        ],
        [
            0.4090742408722149,
            0.18713252073712916,
            0.0,
            0.165661564735369,
            0.3268233001711072,
            0.3078562351744081,
            0.44392748920645075,
            0.538288678462548,
            0.6639491061518059,
            0.40796208402658224,
            0.5076666546166965,
            0.5935239752275641,
            0.7151887933757968,
            0.45160911485140354,
            0.3979526412482352,
            0.28544448202780165,
            0.20716184986983596,
            0.49892693972410374,
            0.4327183060870907,
            0.35146864714983134,
            0.30189491947564384
        ],
        [
            0.5146582038451256,
            0.3299694580903724,
            0.165661564735369,
            0.0,
            0.18973119301825697,
            0.28625814118471815,
            0.3587108751880372,
            0.4268591085044012,
            0.5379929666168015,
            0.35097601186578453,
            0.393147926909276,
            0.45470761881472477,
            0.5642864804935387,
            0.39079573488822833,
            0.2842496999856092,
            0.19416020825776634,
            0.22129827539011726,
            0.4394644144616719,
            0.34653275343908446,
            0.28906800981239184,
            0.3023191740576796
        ],
        [
            0.5509126588350878,
            0.4368662835245509,
            0.3268233001711072,
            0.18973119301825697,
            0.0,
            0.3548857535969796,
            0.39572525264134445,
            0.44294029409042185,
            0.5373772720397579,
            0.3326288185520384,
            0.3325144829036152,
            0.3742453497094257,
            0.4745008078937146,
            0.30405955792643924,
            0.14893969664212958,
            0.09813817500174736,
            0.23954529914196826,
            0.31544680603177544,
            0.1969043712479036,
            0.17612369624870947,
            0.2636443007011494
        ],
        [
            0.5577312289242731,
            0.4002841509711045,
            0.3078562351744081,
            0.28625814118471815,
            0.3548857535969796,
            0.0,
            0.20047552384178782,
            0.33108738271116955,
            0.4813511672094904,
            0.1548883024872623,
            0.2807485759700541,
            0.40102805821383336,
            0.5447370027487187,
            0.2938404180169169,
            0.3090391857405144,
            0.32489640846323625,
            0.3389809031377765,
            0.41133754066671074,
            0.39301024234682286,
            0.39275493838247677,
            0.39271380253873217
        ],
        [
            0.7457989337534661,
            0.5784403604750327,
            0.44392748920645075,
            0.3587108751880372,
            0.39572525264134445,
            0.20047552384178782,
            0.0,
            0.13355507648543002,
            0.2845515887001876,
            0.23243884205937926,
            0.19335498362172474,
            0.26683244477827944,
            0.3904070667146636,
            0.3795360975645845,
            0.3475094260492221,
            0.41406328493586725,
            0.48491032365607756,
            0.5008246594424502,
            0.4656907593650102,
            0.4952253963041591,
            0.5359277331290436
        ],
        [
            0.861416108449639,
            0.68974405281846,
            0.538288678462548,
            0.4268591085044012,
            0.44294029409042185,
            0.33108738271116955,
            0.13355507648543002,
            0.0,
            0.151057643537818,
            0.34197793919374847,
            0.22421780433822172,
            0.22046387231729145,
            0.30112836670178966,
            0.4680812429447267,
            0.4063989838187074,
            0.48652983543674505,
            0.5804943974125741,
            0.5787493873402295,
            0.5310429950002141,
            0.5704877458211137,
            0.6297277940920505
        ],
        [
            1.0,
            0.8258133675858307,
            0.6639491061518059,
            0.5379929666168015,
            0.5373772720397579,
            0.4813511672094904,
            0.2845515887001876,
            0.151057643537818,
            0.0,
            0.4818135963413206,
            0.3303645300301095,
            0.2603646824613564,
            0.2567923285888375,
            0.591266101469774,
            0.511975630737455,
            0.5984292506516643,
            0.7068500488520822,
            0.6907992849319846,
            0.635189692779748,
            0.6814863825758294,
            0.7538142255792252
        ],
        [
            0.5827935394228853,
            0.4776871518246475,
            0.40796208402658224,
            0.35097601186578453,
            0.3326288185520384,
            0.1548883024872623,
            0.23243884205937926,
            0.34197793919374847,
            0.4818135963413206,
            0.0,
            0.19014357910143517,
            0.326208800665161,
            0.4763771025421412,
            0.16451474885187087,
            0.22592063474679994,
            0.3029198546523499,
            0.35755828760029373,
            0.29649145900530327,
            0.30438673310063186,
            0.34610007674752546,
            0.37613719570849335
        ],
        [
            0.7400476234890789,
            0.6200870019933633,
            0.5076666546166965,
            0.393147926909276,
            0.3325144829036152,
            0.2807485759700541,
            0.19335498362172474,
            0.22421780433822172,
            0.3303645300301095,
            0.19014357910143517,
            0.0,
            0.13724888990557363,
            0.2870661751542262,
            0.2657982530082727,
            0.2317468358086695,
            0.3568789560345608,
            0.46758427117860407,
            0.37063492563419903,
            0.3445956723457275,
            0.41337345690233696,
            0.4866686591517769
        ],
        [
            0.8502992900529418,
            0.7243209938045325,
            0.5935239752275641,
            0.45470761881472477,
            0.3742453497094257,
            0.40102805821383336,
            0.26683244477827944,
            0.22046387231729145,
            0.2603646824613564,
            0.326208800665161,
            0.13724888990557363,
            0.0,
            0.15022116285212622,
            0.377854423984284,
            0.30199069491148567,
            0.42783858935845914,
            0.558862421973507,
            0.4578488552627507,
            0.4126898506795302,
            0.4864553596469452,
            0.5776216163788871
        ],
        [
            0.9851931246993707,
            0.8567779789874773,
            0.7151887933757968,
            0.5642864804935387,
            0.4745008078937146,
            0.5447370027487187,
            0.3904070667146636,
            0.30112836670178966,
            0.2567923285888375,
            0.4763771025421412,
            0.2870661751542262,
            0.15022116285212622,
            0.0,
            0.5159362626719863,
            0.42481851259038966,
            0.5444160320142063,
            0.6847905353522302,
            0.5786675571612425,
            0.5253184160994585,
            0.6007366610061022,
            0.7020597385931162
        ],
        [
            0.5295259457470589,
            0.48490023884298644,
            0.45160911485140354,
            0.39079573488822833,
            0.30405955792643924,
            0.2938404180169169,
            0.3795360975645845,
            0.4680812429447267,
            0.591266101469774,
            0.16451474885187087,
            0.2657982530082727,
            0.377854423984284,
            0.5159362626719863,
            0.0,
            0.17096119430184512,
            0.25632902119393514,
            0.32145408873968284,
            0.13410815157288924,
            0.18141092751621005,
            0.2504234091593383,
            0.29727251270841903
        ],
        [
            0.5681033784172083,
            0.48198005789391024,
            0.3979526412482352,
            0.2842496999856092,
            0.14893969664212958,
            0.3090391857405144,
            0.3475094260492221,
            0.4063989838187074,
            0.511975630737455,
            0.22592063474679994,
            0.2317468358086695,
            0.30199069491148567,
            0.42481851259038966,
            0.17096119430184512,
            0.0,
            0.15016884677417686,
            0.2838817339521776,
            0.20709889390254216,
            0.12518859688518036,
            0.18669765965792626,
            0.2813644803408391
        ],
        [
            0.4582369902506707,
            0.3612260006226824,
            0.28544448202780165,
            0.19416020825776634,
            0.09813817500174736,
            0.32489640846323625,
            0.41406328493586725,
            0.48652983543674505,
            0.5984292506516643,
            0.3029198546523499,
            0.3568789560345608,
            0.42783858935845914,
            0.5444160320142063,
            0.25632902119393514,
            0.15016884677417686,
            0.0,
            0.1521849316059537,
            0.26110765766283933,
            0.15863287524998196,
            0.10136194717577329,
            0.1696965386412458
        ],
        [
            0.31607188665571995,
            0.21721406309432784,
            0.20716184986983596,
            0.22129827539011726,
            0.23954529914196826,
            0.3389809031377765,
            0.48491032365607756,
            0.5804943974125741,
            0.7068500488520822,
            0.35755828760029373,
            0.46758427117860407,
            0.558862421973507,
            0.6847905353522302,
            0.32145408873968284,
            0.2838817339521776,
            0.1521849316059537,
            0.0,
            0.3232044374465344,
            0.26367980317716117,
            0.16549946487872366,
            0.09532066735532486
        ],
        [
            0.5036074791594224,
            0.5071694117517421,
            0.49892693972410374,
            0.4394644144616719,
            0.31544680603177544,
            0.41133754066671074,
            0.5008246594424502,
            0.5787493873402295,
            0.6907992849319846,
            0.29649145900530327,
            0.37063492563419903,
            0.4578488552627507,
            0.5786675571612425,
            0.13410815157288924,
            0.20709889390254216,
            0.26110765766283933,
            0.3232044374465344,
            0.0,
            0.12676926586833334,
            0.205081106356714,
            0.2633618853138703
        ],
        [
            0.5084262099194263,
            0.4738309041445418,
            0.4327183060870907,
            0.34653275343908446,
            0.1969043712479036,
            0.39301024234682286,
            0.4656907593650102,
            0.5310429950002141,
            0.635189692779748,
            0.30438673310063186,
            0.3445956723457275,
            0.4126898506795302,
            0.5253184160994585,
            0.18141092751621005,
            0.12518859688518036,
            0.15863287524998196,
            0.26367980317716117,
            0.12676926586833334,
            0.0,
            0.11487420658575515,
            0.2201828271128713
        ],
        [
            0.42056116028075896,
            0.38013596254496024,
            0.35146864714983134,
            0.28906800981239184,
            0.17612369624870947,
            0.39275493838247677,
            0.4952253963041591,
            0.5704877458211137,
            0.6814863825758294,
            0.34610007674752546,
            0.41337345690233696,
            0.4864553596469452,
            0.6007366610061022,
            0.2504234091593383,
            0.18669765965792626,
            0.10136194717577329,
            0.16549946487872366,
            0.205081106356714,
            0.11487420658575515,
            0.0,
            0.1215929651650236
        ],
        [
            0.300174440535239,
            0.27762955391281063,
            0.30189491947564384,
            0.3023191740576796,
            0.2636443007011494,
            0.39271380253873217,
            0.5359277331290436,
            0.6297277940920505,
            0.7538142255792252,
            0.37613719570849335,
            0.4866686591517769,
            0.5776216163788871,
            0.7020597385931162,
            0.29727251270841903,
            0.2813644803408391,
            0.1696965386412458,
            0.09532066735532486,
            0.2633618853138703,
            0.2201828271128713,
            0.1215929651650236,
            0.0
        ]
    ],
    "8": [
        [
            0.0,
            0.232342940358919,
            0.3921876886282435,
            0.5117203765075485,
            0.6255095723048194,
            0.5457024198066259,
            0.7359736505905702,
            0.8599907084724671,
            1.0,
            0.5692416109636532,
            0.7346538306507987,
            0.8515716723095816,
            0.9863079203284986,
            0.5162314788997051,
            0.6304197380299483,
            0.5922316522130302,
            0.48312618421064724,
            0.49037508169842464,
            0.552366392794595,
            0.5335571334912127,
            0.46180658639064776
        ],
        [
            0.232342940358919,
            0.0,
            0.18005301494247328,
            0.3282868781235575,
            0.49045954809732434,
            0.3908317595069311,
            0.5777804954476647,
            0.6996145948906436,
            0.8377030363524425,
            0.46550104484191696,
            0.6218136341758115,
            0.7349923767007205,
            0.8665258310516013,
            0.47198381986511323,
            0.548798978046254,
            0.49380224902437575,
            0.37526783074637077,
            0.49373343281415494,
            0.514849444847241,
            0.4772364575899284,
            0.39878930831720477
        ],
        [
            0.3921876886282435,
            0.18005301494247328,
            0.0,
            0.15770846436596545,
            0.34341183054253366,
            0.28362826703079896,
            0.4455741534145697,
            0.5572653968763123,
            0.6894255434596607,
            0.3766661480008912,
            0.5004571528870323,
            0.600315744239784,
            0.7231628565081331,
            0.4172449724050395,
            0.44458083446202495,
            0.37541879731531885,
            0.26807974123373135,
            0.46453444386434,
            0.4457373300438639,
            0.39565451981014876,
            0.3282530942047725
        ],
        [
            0.5117203765075485,
            0.3282868781235575,
            0.15770846436596545,
            0.0,
            0.19655772202976937,
            0.24761774973418446,
            0.35747735101540873,
            0.4513333519393041,
            0.5745306564242996,
            0.31499645583234176,
            0.3877921227075548,
            0.4683897170460693,
            0.5811201780417807,
            0.365465510837768,
            0.33608532910067473,
            0.254249434294388,
            0.18478291920573098,
            0.4232060102824001,
            0.36703441666719544,
            0.3106065393392793,
            0.271460860449221
        ],
        [
            0.6255095723048194,
            0.49045954809732434,
            0.34341183054253366,
            0.19655772202976937,
            0.0,
            0.32092700549821807,
            0.3546853922319162,
            0.4129310611164546,
            0.5148952121333286,
            0.3016640891720656,
            0.28798408072699616,
            0.33088448986258234,
            0.4277010839473518,
            0.31577224279444405,
            0.20405468029770207,
            0.10156818548484184,
            0.16517903554369626,
            0.35995161162379746,
            0.2589313975653604,
            0.20548829275504066,
            0.2337804266796389
        ],
        [
            0.5457024198066259,
            0.3908317595069311,
            0.28362826703079896,
            0.24761774973418446,
            0.32092700549821807,
            0.0,
            0.19291237483553583,
            0.31944119667737836,
            0.4603777310473207,
            0.1509206247539306,
            0.2807527876589168,
            0.3988197242623138,
            0.5327704383355422,
            0.2871725948002392,
            0.3184804759850964,
            0.3479878429023601,
            0.35304224834272285,
            0.40246043343719556,
            0.39041177123731846,
            0.40497953928239006,
            0.4168502161121615
        ],
        [
            0.7359736505905702,
            0.5777804954476647,
            0.4455741534145697,
            0.35747735101540873,
            0.3546853922319162,
            0.19291237483553583,
            0.0,
            0.12725668301463142,
            0.2680507502277606,
            0.22109637658913078,
            0.20495584652504106,
            0.2828450490989623,
            0.39558647911101236,
            0.3748055770115178,
            0.34031213423583967,
            0.3993215558428055,
            0.45917226232263214,
            0.5001079775409248,
            0.46144237044335557,
            0.48681997551726397,
            0.5286470324457299
        ],
        [
            0.8599907084724671,
            0.6996145948906436,
            0.5572653968763123,
            0.4513333519393041,
            0.4129310611164546,
            0.31944119667737836,
            0.12725668301463142,
            0.0,
            0.14101023287274886,
            0.32571456307560726,
            0.23565291197640809,
            0.2521836763794276,
            0.3261657403693611,
            0.4653481429598505,
            0.39904208585368245,
            0.46331046269892623,
            0.5447496268293425,
            0.5861074586966447,
            0.533993396305362,
            0.5607831322989795,
            0.6143292064957799
        ],
        [
            1.0,
            0.8377030363524425,
            0.6894255434596607,
            0.5745306564242996,
            0.5148952121333286,
            0.4603777310473207,
            0.2680507502277606,
            0.14101023287274886,
            0.0,
            0.4574353216182448,
            0.33446263162399653,
            0.2969395578512043,
            0.30802200319091383,
            0.5858458679115566,
            0.5016555582510571,
            0.5672218567140258,
            0.6615197144489038,
            0.7012463769480872,
            0.6411874655461379,
            0.6688110847347589,
            0.7299582923855005
        ],
        [
            0.5692416109636532,
            0.46550104484191696,
            0.3766661480008912,
            0.31499645583234176,
            0.3016640891720656,
            0.1509206247539306,
            0.22109637658913078,
            0.32571456307560726,
            0.4574353216182448,
            0.0,
            0.1831092375595665,
            0.3134267557258063,
            0.45501066724116795,
            0.16117895799729737,
            0.20605840023852115,
            0.29017237995724005,
            0.34250955352134954,
            0.29051665091602863,
            0.28493522805207516,
            0.33536974771897277,
            0.3841084052118559
        ],
        [
            0.7346538306507987,
            0.6218136341758115,
            0.5004571528870323,
            0.3877921227075548,
            0.28798408072699616,
            0.2807527876589168,
            0.20495584652504106,
            0.23565291197640809,
            0.33446263162399653,
            0.1831092375595665,
            0.0,
            0.13088099103309916,
            0.2722345654666018,
            0.26123294606718406,
            0.17937383014129268,
            0.28873262117710435,
            0.40084962333843016,
            0.36862372131413257,
            0.31526227812628493,
            0.366445911764154,
            0.4457305295153436
        ],
        [
            0.8515716723095816,
            0.7349923767007205,
            0.600315744239784,
            0.4683897170460693,
            0.33088448986258234,
            0.3988197242623138,
            0.2828450490989623,
            0.2521836763794276,
            0.2969395578512043,
            0.3134267557258063,
            0.13088099103309916,
            0.0,
            0.14164958559901572,
            0.3698678709241583,
            0.24770785691365874,
            0.3392068166402972,
            0.4706765927120249,
            0.4563821456581767,
            0.38255305055847055,
            0.4252289067081658,
            0.5138127571818645
        ],
        [
            0.9863079203284986,
            0.8665258310516013,
            0.7231628565081331,
            0.5811201780417807,
            0.4277010839473518,
            0.5327704383355422,
            0.39558647911101236,
            0.3261657403693611,
            0.30802200319091383,
            0.45501066724116795,
            0.2722345654666018,
            0.14164958559901572,
            0.0,
            0.5029384484651942,
            0.36852464424794296,
            0.44161430470508717,
            0.5784030935981096,
            0.5758739932164509,
            0.4928282850020482,
            0.527916263349723,
            0.619243852070254
        ],
        [
            0.5162314788997051,
            0.47198381986511323,
            0.4172449724050395,
            0.365465510837768,
            0.31577224279444405,
            0.2871725948002392,
            0.3748055770115178,
            0.4653481429598505,
            0.5858458679115566,
            0.16117895799729737,
            0.26123294606718406,
            0.3698678709241583,
            0.5029384484651942,
            0.0,
            0.16519535835260704,
            0.2527606133862056,
            0.30685235870908356,
            0.13140066144119683,
            0.1619435505754833,
            0.24388940640667442,
            0.3089024136158852
        ],
        [
            0.6304197380299483,
            0.548798978046254,
            0.44458083446202495,
            0.33608532910067473,
            0.20405468029770207,
            0.3184804759850964,
            0.34031213423583967,
            0.39904208585368245,
            0.5016555582510571,
            0.20605840023852115,
            0.17937383014129268,
            0.24770785691365874,
            0.36852464424794296,
            0.16519535835260704,
            0.0,
            0.14562158216262092,
            0.2691765076455335,
            0.22354256617201987,
            0.1400634505292579,
            0.19421392877442123,
            0.2888312199410202
        ],
        [
            0.5922316522130302,
            0.49380224902437575,
            0.37541879731531885,
            0.254249434294388,
            0.10156818548484184,
            0.3479878429023601,
            0.3993215558428055,
            0.46331046269892623,
            0.5672218567140258,
            0.29017237995724005,
            0.28873262117710435,
            0.3392068166402972,
            0.44161430470508717,
            0.2527606133862056,
            0.14562158216262092,
            0.0,
            0.14676724826170623,
            0.27111577729338215,
            0.16176394591401308,
            0.11201213711434152,
            0.1783237022965904
        ],
        [
            0.48312618421064724,
            0.37526783074637077,
            0.26807974123373135,
            0.18478291920573098,
            0.16517903554369626,
            0.35304224834272285,
            0.45917226232263214,
            0.5447496268293425,
            0.6615197144489038,
            0.34250955352134954,
            0.40084962333843016,
            0.4706765927120249,
            0.5784030935981096,
            0.30685235870908356,
            0.2691765076455335,
            0.14676724826170623,
            0.0,
            0.3081176960452172,
            0.23693653676954327,
            0.14746756359285362,
            0.09064317663014204
        ],
        [
            0.49037508169842464,
            0.49373343281415494,
            0.46453444386434,
            0.4232060102824001,
            0.35995161162379746,
            0.40246043343719556,
            0.5001079775409248,
            0.5861074586966447,
            0.7012463769480872,
            0.29051665091602863,
            0.36862372131413257,
            0.4563821456581767,
            0.5758739932164509,
            0.13140066144119683,
            0.22354256617201987,
            0.27111577729338215,
            0.3081176960452172,
            0.0,
            0.12226073266864211,
            0.20720534685213343,
            0.2714692963947852
        ],
        [
            0.552366392794595,
            0.514849444847241,
            0.4457373300438639,
            0.36703441666719544,
            0.2589313975653604,
            0.39041177123731846,
            0.46144237044335557,
            0.533993396305362,
            0.6411874655461379,
            0.28493522805207516,
            0.31526227812628493,
            0.38255305055847055,
            0.4928282850020482,
            0.1619435505754833,
            0.1400634505292579,
            0.16176394591401308,
            0.23693653676954327,
            0.12226073266864211,
            0.0,
            0.11066233803670475,
            0.21083112855926325
        ],
        [
            0.5335571334912127,
            0.4772364575899284,
            0.39565451981014876,
            0.3106065393392793,
            0.20548829275504066,
            0.40497953928239006,
            0.48681997551726397,
            0.5607831322989795,
            0.6688110847347589,
            0.33536974771897277,
            0.366445911764154,
            0.4252289067081658,
            0.527916263349723,
            0.24388940640667442,
            0.19421392877442123,
            0.11201213711434152,
            0.14746756359285362,
            0.20720534685213343,
            0.11066233803670475,
            0.0,
            0.1137370530150985
        ],
        [
            0.46180658639064776,
            0.39878930831720477,
            0.3282530942047725,
            0.271460860449221,
            0.2337804266796389,
            0.4168502161121615,
            0.5286470324457299,
            0.6143292064957799,
            0.7299582923855005,
            0.3841084052118559,
            0.4457305295153436,
            0.5138127571818645,
            0.619243852070254,
            0.3089024136158852,
            0.2888312199410202,
            0.1783237022965904,
            0.09064317663014204,
            0.2714692963947852,
            0.21083112855926325,
            0.1137370530150985,
            0.0
        ]
    ],
    "5": [
        [
            0.0,
            0.2264414303604281,
            0.38208924640303854,
            0.4998440281538288,
            0.6157735893217653,
            0.5325902736054349,
            0.7219030047714997,
            0.8485893857270077,
            0.995603715388037,
            0.5567038603653787,
            0.7288375274601315,
            0.854125164181063,
            1.0,
            0.5059140600882187,
            0.6384582042293261,
            0.6120218298910366,
            0.5054771832857838,
            0.48111022931026004,
            0.5536713926847194,
            0.5459254187569649,
            0.4765380787712479
        ],
        [
            0.2264414303604281,
            0.0,
            0.1784967648287305,
            0.3257989529475661,
            0.4909110505784953,
            0.3822892502486467,
            0.5676389095336497,
            0.6918511139519792,
            0.8371668937153983,
            0.4562274142255247,
            0.6204903769711921,
            0.7417393966541701,
            0.8835283097840136,
            0.46296488431744254,
            0.5598194776932138,
            0.5150217271921447,
            0.3960356037383515,
            0.48400842761288504,
            0.5162294693466312,
            0.4865059474908834,
            0.40578018171047825
        ],
        [
            0.38208924640303854,
            0.1784967648287305,
            0.0,
            0.15613984682599236,
            0.3439296522913956,
            0.2777762490173818,
            0.43816391257655046,
            0.5522890237069613,
            0.6925271250971125,
            0.36658134988493024,
            0.5000374928697424,
            0.6077408257178916,
            0.7405112974092105,
            0.4038865969217443,
            0.4516312269150196,
            0.3880204670126576,
            0.2720118505533834,
            0.448228129937469,
            0.4390817895837146,
            0.3916984445566618,
            0.31529627797587817
        ],
        [
            0.4998440281538288,
            0.3257989529475661,
            0.15613984682599236,
            0.0,
            0.19835139855172565,
            0.24837845720614968,
            0.3572065433758137,
            0.45359221807988753,
            0.5855789014519327,
            0.30807504634218963,
            0.39279820071325083,
            0.4813278688777769,
            0.6040176833435228,
            0.3519231887029701,
            0.34254979201281527,
            0.2588270368073898,
            0.16379535317305052,
            0.40477650538368265,
            0.3555100706827955,
            0.29487231919461515,
            0.23969689282176693
        ],
        [
            0.6157735893217653,
            0.4909110505784953,
            0.3439296522913956,
            0.19835139855172565,
            0.0,
            0.3306572940628313,
            0.3668259175368614,
            0.42803062760742766,
            0.5386697845851797,
            0.304276503815654,
            0.30585425672507616,
            0.3571156745793122,
            0.4635584495967781,
            0.30766535156712543,
            0.21510450672565395,
            0.08837851607574078,
            0.11833019629753415,
            0.34331693979529027,
            0.243451089761208,
            0.1730649544530415,
            0.18852610123437014
        ],
        [
            0.5325902736054349,
            0.3822892502486467,
            0.2777762490173818,
            0.24837845720614968,
            0.3306572940628313,
            0.0,
            0.1913170554851086,
            0.3198516666967913,
            0.4671259002940481,
            0.14769868518172163,
            0.28068581048874963,
            0.40348042298391484,
            0.5453273639337917,
            0.2800469203710314,
            0.31690130260551147,
            0.3426132624587536,
            0.3287355685056687,
            0.39203907890633033,
            0.3818504458410372,
            0.3922898041867471,
            0.3925111378050578
        ],
        [
            0.7219030047714997,
            0.5676389095336497,
            0.43816391257655046,
            0.3572065433758137,
            0.3668259175368614,
            0.1913170554851086,
            0.0,
            0.1290817151823725,
            0.27605230994738017,
            0.21989352846202417,
            0.20235030654225522,
            0.28220267273264293,
            0.4017434963226606,
            0.36965184138636215,
            0.32919998988074217,
            0.3787813627838571,
            0.4221856034349927,
            0.4916418450676324,
            0.4500792523695661,
            0.46645885506140033,
            0.4971291929472764
        ],
        [
            0.8485893857270077,
            0.6918511139519792,
            0.5522890237069613,
            0.45359221807988753,
            0.42803062760742766,
            0.3198516666967913,
            0.1290817151823725,
            0.0,
            0.14738313302549008,
            0.3273863958713615,
            0.2343361111437783,
            0.24796022199405915,
            0.3259620359951275,
            0.463880622301128,
            0.3873849843675211,
            0.4400689990622589,
            0.5073802509955684,
            0.581673882397326,
            0.5250052273620793,
            0.5409436270767393,
            0.5839544743932688
        ],
        [
            0.995603715388037,
            0.8371668937153983,
            0.6925271250971125,
            0.5855789014519327,
            0.5386697845851797,
            0.4671259002940481,
            0.27605230994738017,
            0.14738313302549008,
            0.0,
            0.4655045078595454,
            0.3392267156045488,
            0.29465098027973263,
            0.30161329724888153,
            0.591650441487474,
            0.49573356072833374,
            0.5497253133000966,
            0.631720202014434,
            0.7047414441259778,
            0.639718654768883,
            0.656198732978932,
            0.7076447990447452
        ],
        [
            0.5567038603653787,
            0.4562274142255247,
            0.36658134988493024,
            0.30807504634218963,
            0.304276503815654,
            0.14769868518172163,
            0.21989352846202417,
            0.3273863958713615,
            0.4655045078595454,
            0.0,
            0.18377496817942499,
            0.31874977310315566,
            0.46903180005541645,
            0.15679272330973099,
            0.19986448565357715,
            0.2774967392577152,
            0.31161125662996225,
            0.28264152544706644,
            0.27471631562004095,
            0.31952021415103327,
            0.3579087778494873
        ],
        [
            0.7288375274601315,
            0.6204903769711921,
            0.5000374928697424,
            0.39279820071325083,
            0.30585425672507616,
            0.28068581048874963,
            0.20235030654225522,
            0.2343361111437783,
            0.3392267156045488,
            0.18377496817942499,
            0.0,
            0.13558376893415502,
            0.2857065733636783,
            0.26241023444689604,
            0.16947069679401855,
            0.2726996518963288,
            0.3728554986279774,
            0.3684323013576925,
            0.31133820826641034,
            0.35476500856663323,
            0.42637560193651175
        ],
        [
            0.854125164181063,
            0.7417393966541701,
            0.6077408257178916,
            0.4813278688777769,
            0.3571156745793122,
            0.40348042298391484,
            0.28220267273264293,
            0.24796022199405915,
            0.29465098027973263,
            0.31874977310315566,
            0.13558376893415502,
            0.0,
            0.1504743628139487,
            0.37762574773412183,
            0.24441438269832966,
            0.3272367014175018,
            0.44982384528130426,
            0.4643803140746083,
            0.38670092670277334,
            0.4205848156948662,
            0.5027577903510946
        ],
        [
            1.0,
            0.8835283097840136,
            0.7405112974092105,
            0.6040176833435228,
            0.4635584495967781,
            0.5453273639337917,
            0.4017434963226606,
            0.3259620359951275,
            0.30161329724888153,
            0.46903180005541645,
            0.2857065733636783,
            0.1504743628139487,
            0.0,
            0.521047265206791,
            0.37654630969785363,
            0.43988025014869475,
            0.5687765732893887,
            0.5957618009122506,
            0.5089240965102636,
            0.5347594844609133,
            0.6201351216787888
        ],
        [
            0.5059140600882187,
            0.46296488431744254,
            0.4038865969217443,
            0.3519231887029701,
            0.30766535156712543,
            0.2800469203710314,
            0.36965184138636215,
            0.463880622301128,
            0.591650441487474,
            0.15679272330973099,
            0.26241023444689604,
            0.37762574773412183,
            0.521047265206791,
            0.0,
            0.16719703327838029,
            0.2476033279097275,
            0.28403617683621113,
            0.12789241051475791,
            0.15580610797366087,
            0.23449865443611484,
            0.29038240521985764
        ],
        [
            0.6384582042293261,
            0.5598194776932138,
            0.4516312269150196,
            0.34254979201281527,
            0.21510450672565395,
            0.31690130260551147,
            0.32919998988074217,
            0.3873849843675211,
            0.49573356072833374,
            0.19986448565357715,
            0.16947069679401855,
            0.24441438269832966,
            0.37654630969785363,
            0.16719703327838029,
            0.0,
            0.14360031174587884,
            0.257088948490871,
            0.22979346467056838,
            0.14588417963135203,
            0.19569625744522293,
            0.2854037783148153
        ],
        [
            0.6120218298910366,
            0.5150217271921447,
            0.3880204670126576,
            0.2588270368073898,
            0.08837851607574078,
            0.3426132624587536,
            0.3787813627838571,
            0.4400689990622589,
            0.5497253133000966,
            0.2774967392577152,
            0.2726996518963288,
            0.3272367014175018,
            0.43988025014869475,
            0.2476033279097275,
            0.14360031174587884,
            0.0,
            0.14179092649202377,
            0.2730943049565038,
            0.16293038215023253,
            0.11402160370636982,
            0.1803166496341244
        ],
        [
            0.5054771832857838,
            0.3960356037383515,
            0.2720118505533834,
            0.16379535317305052,
            0.11833019629753415,
            0.3287355685056687,
            0.4221856034349927,
            0.5073802509955684,
            0.631720202014434,
            0.31161125662996225,
            0.3728554986279774,
