{
    "3": [
        [
            0.0,
            0.2857347765516178,
            0.4886147250091139,
            0.6410989940281269,
            0.6878777528416166,
            0.672413644495558,
            0.898664992009477,
            0.9809710846304535,
            1.0,
            0.7028704607796933,
            0.7257666222057694,
            0.5899271772407477,
            0.4475600192982308,
            0.6386590568037488,
            0.6525190930148804,
            0.49060300906011256,
            0.34067766631892454,
            0.607179762894127,
            0.6241656109841833,
            0.49776964747244584,
            0.38263721232653247
        ],
        [
            0.2857347765516178,
            0.0,
            0.2265527909714282,
            0.4125120974778914,
            0.5446526992680454,
            0.4826357706098338,
            0.7216042724272461,
            0.7962436891860382,
            0.7991595249046576,
            0.5759835443517403,
            0.5760977220397235,
            0.4330280632306592,
            0.2548421546055858,
            0.5844355702416042,
            0.5569613356601842,
            0.4002372492514357,
            0.23188319900591636,
            0.6109081253404203,
            0.5877746017085432,
            0.4739399438191997,
            0.38368971910325883
        ],
        [
            0.4886147250091139,
            0.2265527909714282,
            0.0,
            0.2002886173741598,
            0.39821290945617976,
            0.3943314962777123,
            0.6068448899477924,
            0.6465524434179033,
            0.615194914373712,
            0.5081590042265463,
            0.44321646412286936,
            0.30125501875535754,
            0.1679950715787919,
            0.5518673999676901,
            0.46373146977891616,
            0.3388506303691935,
            0.2573913031328435,
            0.6012809628842097,
            0.5342996246785693,
            0.4482753483075578,
            0.4143749806435033
        ],
        [
            0.6410989940281269,
            0.4125120974778914,
            0.2002886173741598,
            0.0,
            0.2503634859265947,
            0.3692412329606147,
            0.5176983136003327,
            0.5106027048304228,
            0.442535231512534,
            0.4527259126772779,
            0.3115646505768593,
            0.19919921655862452,
            0.21849189916438483,
            0.5035908370840189,
            0.3628465614753713,
            0.30420507689763226,
            0.3352119204834425,
            0.5607337650323689,
            0.4611107208528669,
            0.4186615167622109,
            0.44117068116205205
        ],
        [
            0.6878777528416166,
            0.5446526992680454,
            0.39821290945617976,
            0.2503634859265947,
            0.0,
            0.4092480603709217,
            0.4892882013660735,
            0.451232866358948,
            0.38922829874665865,
            0.378730977608189,
            0.16443330527357777,
            0.1217180890625211,
            0.2990791369654128,
            0.3547976277450037,
            0.15442540654992942,
            0.20623719257277767,
            0.3586469958511794,
            0.3804827471557095,
            0.25270863947844324,
            0.27455288966487734,
            0.36009590742487324
        ],
        [
            0.672413644495558,
            0.4826357706098338,
            0.3943314962777123,
            0.3692412329606147,
            0.4092480603709217,
            0.0,
            0.24216311716927086,
            0.3505572118069903,
            0.42697390207313274,
            0.18650152021420346,
            0.29336407286359395,
            0.32379798491032585,
            0.3108674464799455,
            0.353681044935999,
            0.38719288396849555,
            0.4093606697159302,
            0.3888768645446186,
            0.49518406640391743,
            0.49372033594521164,
            0.49638087286136645,
            0.4655607837321507
        ],
        [
            0.898664992009477,
            0.7216042724272461,
            0.6068448899477924,
            0.5176983136003327,
            0.4892882013660735,
            0.24216311716927086,
            0.0,
            0.16220234149093715,
            0.3162090294276952,
            0.23230574725744402,
            0.33290255435487537,
            0.45862204116393746,
            0.5209961169375673,
            0.4169053562686811,
            0.45997014117070556,
            0.5623059759901221,
            0.5991049400899595,
            0.5727776021536949,
            0.5743870373170328,
            0.6304987190424276,
            0.6348111440108017
        ],
        [
            0.9809710846304535,
            0.7962436891860382,
            0.6465524434179033,
            0.5106027048304228,
            0.451232866358948,
            0.3505572118069903,
            0.16220234149093715,
            0.0,
            0.1747878931121352,
            0.3226678696459961,
            0.31149404057984914,
            0.4605809972709746,
            0.5680492663254136,
            0.4668869373557537,
            0.45058715194960086,
            0.5793469300672707,
            0.65614035010255,
            0.602641804258947,
            0.5713737602135952,
            0.645307201367905,
            0.6811811043319257
        ],
        [
            1.0,
            0.7991595249046576,
            0.615194914373712,
            0.442535231512534,
            0.38922829874665865,
            0.42697390207313274,
            0.3162090294276952,
            0.1747878931121352,
            0.0,
            0.42364254722454164,
            0.30541904462924274,
            0.43011059008330216,
            0.5609487530284332,
            0.5339094561603782,
            0.4433760570627049,
            0.5622162474287181,
            0.6616718069873209,
            0.6418259191240373,
            0.568314494465512,
            0.6355185387787675,
            0.6941502296236252
        ],
        [
            0.7028704607796933,
            0.5759835443517403,
            0.5081590042265463,
            0.4527259126772779,
            0.378730977608189,
            0.18650152021420346,
            0.23230574725744402,
            0.3226678696459961,
            0.42364254722454164,
            0.0,
            0.23188847065449544,
            0.3230669172121284,
            0.3740770886916883,
            0.1980861979550911,
            0.29490278071212916,
            0.380011894643061,
            0.4139305727468636,
            0.35714932925150167,
            0.38453749957418865,
            0.4294647983629003,
            0.41886878870780553
        ],
        [
            0.7257666222057694,
            0.5760977220397235,
            0.44321646412286936,
            0.3115646505768593,
            0.16443330527357777,
            0.29336407286359395,
            0.33290255435487537,
            0.31149404057984914,
            0.30541904462924274,
            0.23188847065449544,
            0.0,
            0.1713923133320226,
            0.3235823523017681,
            0.26325211732191517,
            0.15059595143144353,
            0.27432025800609416,
            0.38997413918760904,
            0.3540205099388887,
            0.28254760543534896,
            0.33894166628935274,
            0.39240758564179207
        ],
        [
            0.5899271772407477,
            0.4330280632306592,
            0.30125501875535754,
            0.19919921655862452,
            0.1217180890625211,
            0.32379798491032585,
            0.45862204116393746,
            0.4605809972709746,
            0.43011059008330216,
            0.3230669172121284,
            0.1713923133320226,
            0.0,
            0.1814606974690945,
            0.31765917687248696,
            0.16950899619862617,
            0.14311655191479605,
            0.2515192456622694,
            0.3632944538388998,
            0.2682110191719039,
            0.24807181953787616,
            0.2894901922598756
        ],
        [
            0.4475600192982308,
            0.2548421546055858,
            0.1679950715787919,
            0.21849189916438483,
            0.2990791369654128,
            0.3108674464799455,
            0.5209961169375673,
            0.5680492663254136,
            0.5609487530284332,
            0.3740770886916883,
            0.3235823523017681,
            0.1814606974690945,
            0.0,
            0.38787534647688926,
            0.31880360942081376,
            0.19601670660768486,
            0.12809641580829723,
            0.43547146761831224,
            0.3828098977681213,
            0.3044283557540394,
            0.26620151698107286
        ],
        [
            0.6386590568037488,
            0.5844355702416042,
            0.5518673999676901,
            0.5035908370840189,
            0.3547976277450037,
            0.353681044935999,
            0.4169053562686811,
            0.4668869373557537,
            0.5339094561603782,
            0.1980861979550911,
            0.26325211732191517,
            0.31765917687248696,
            0.38787534647688926,
            0.0,
            0.21106189159564331,
            0.30226954178001725,
            0.3743241577584248,
            0.1616625643519715,
            0.23236054529172875,
            0.2960616084844366,
            0.3001482328673728
        ],
        [
            0.6525190930148804,
            0.5569613356601842,
            0.46373146977891616,
            0.3628465614753713,
            0.15442540654992942,
            0.38719288396849555,
            0.45997014117070556,
            0.45058715194960086,
            0.4433760570627049,
            0.29490278071212916,
            0.15059595143144353,
            0.16950899619862617,
            0.31880360942081376,
            0.21106189159564331,
            0.0,
            0.18226929310817455,
            0.3375320354250165,
            0.23244602289152683,
            0.13292804269650985,
            0.20412710228458386,
            0.28423522208224206
        ],
        [
            0.49060300906011256,
            0.4002372492514357,
            0.3388506303691935,
            0.30420507689763226,
            0.20623719257277767,
            0.4093606697159302,
            0.5623059759901221,
            0.5793469300672707,
            0.5622162474287181,
            0.380011894643061,
            0.27432025800609416,
            0.14311655191479605,
            0.19601670660768486,
            0.30226954178001725,
            0.18226929310817455,
            0.0,
            0.18117517675386435,
            0.28887743435665125,
            0.20101616222065657,
            0.1182537376989698,
            0.16034868278385764
        ],
        [
            0.34067766631892454,
            0.23188319900591636,
            0.2573913031328435,
            0.3352119204834425,
            0.3586469958511794,
            0.3888768645446186,
            0.5991049400899595,
            0.65614035010255,
            0.6616718069873209,
            0.4139305727468636,
            0.38997413918760904,
            0.2515192456622694,
            0.12809641580829723,
            0.3743241577584248,
            0.3375320354250165,
            0.18117517675386435,
            0.0,
            0.38518537197423364,
            0.3569102659182063,
            0.24973426424260528,
            0.1676732809864795
        ],
        [
            0.607179762894127,
            0.6109081253404203,
            0.6012809628842097,
            0.5607337650323689,
            0.3804827471557095,
            0.49518406640391743,
            0.5727776021536949,
            0.602641804258947,
            0.6418259191240373,
            0.35714932925150167,
            0.3540205099388887,
            0.3632944538388998,
            0.43547146761831224,
            0.1616625643519715,
            0.23244602289152683,
            0.28887743435665125,
            0.38518537197423364,
            0.0,
            0.15423421770168255,
            0.21980260476484115,
            0.24860778632111194
        ],
        [
            0.6241656109841833,
            0.5877746017085432,
            0.5342996246785693,
            0.4611107208528669,
            0.25270863947844324,
            0.49372033594521164,
            0.5743870373170328,
            0.5713737602135952,
            0.568314494465512,
            0.38453749957418865,
            0.28254760543534896,
            0.2682110191719039,
            0.3828098977681213,
            0.23236054529172875,
            0.13292804269650985,
            0.20101616222065657,
            0.3569102659182063,
            0.15423421770168255,
            0.0,
            0.1389463904013121,
            0.24284992695619131
        ],
        [
            0.49776964747244584,
            0.4739399438191997,
            0.4482753483075578,
            0.4186615167622109,
            0.27455288966487734,
            0.49638087286136645,
            0.6304987190424276,
            0.645307201367905,
            0.6355185387787675,
            0.4294647983629003,
            0.33894166628935274,
            0.24807181953787616,
            0.3044283557540394,
            0.2960616084844366,
            0.20412710228458386,
            0.1182537376989698,
            0.24973426424260528,
            0.21980260476484115,
            0.1389463904013121,
            0.0,
            0.13241959175413878
        ],
        [
            0.38263721232653247,
            0.38368971910325883,
            0.4143749806435033,
            0.44117068116205205,
            0.36009590742487324,
            0.4655607837321507,
            0.6348111440108017,
            0.6811811043319257,
            0.6941502296236252,
            0.41886878870780553,
            0.39240758564179207,
            0.2894901922598756,
            0.26620151698107286,
            0.3001482328673728,
            0.28423522208224206,
            0.16034868278385764,
            0.1676732809864795,
            0.24860778632111194,
            0.24284992695619131,
            0.13241959175413878,
            0.0
        ]
    ],
    "5": [
        [
            0.0,
            0.3097193104474697,
            0.552539741065904,
            0.7506101912844785,
            1.0,
            0.7288285438449846,
            0.9269577846052808,
            0.9699848682952449,
            0.9057679904683612,
            0.7617330271527782,
            0.845691920376798,
            0.741317608578949,
            0.5590410312969334,
            0.6920303441636084,
            0.7537176007235272,
            0.6377355921253832,
            0.46905254630809157,
            0.6577019206157436,
            0.6912751164066858,
            0.6143860790075044,
            0.5026934447498702
        ],
        [
            0.3097193104474697,
            0.0,
            0.24400670995045753,
            0.4475637862532706,
            0.7090864127524592,
            0.5228276483630659,
            0.7585527685469786,
            0.7915473412325089,
            0.7127564262887244,
            0.6238915967904984,
            0.6891710048428725,
            0.5698762808799077,
            0.37800220524981715,
            0.6329414064178663,
            0.6499194663682865,
            0.5372055068323921,
            0.4149195848314268,
            0.6616256295797656,
            0.6531227536421952,
            0.58746079850379,
            0.5077778901674866
        ],
        [
            0.552539741065904,
            0.24400670995045753,
            0.0,
            0.21299388757144003,
            0.49264127654977213,
            0.42780538833337667,
            0.6695870776516176,
            0.6864356716876188,
            0.5988914903651208,
            0.5832604490052566,
            0.6167668500822308,
            0.499918193217727,
            0.35000824496507327,
            0.6597249304323113,
            0.6337858498155631,
            0.5456924462974814,
            0.4963812624438804,
            0.7317477568510475,
            0.6924398984696261,
            0.6471708346991184,
            0.6070006360801306
        ],
        [
            0.7506101912844785,
            0.4475637862532706,
            0.21299388757144003,
            0.0,
            0.29054588288645655,
            0.3745287228060423,
            0.5938543579598304,
            0.6105068252555556,
            0.5459604675822266,
            0.5623585268380705,
            0.5887253778920826,
            0.511130214014706,
            0.436718286810354,
            0.6974543441904398,
            0.6615821648075725,
            0.6228486735324058,
            0.6368828133510173,
            0.8065280090643218,
            0.7619041080969085,
            0.7484398870711277,
            0.7431207065294717
        ],
        [
            1.0,
            0.7090864127524592,
            0.49264127654977213,
            0.29054588288645655,
            0.0,
            0.4698992069046905,
            0.627748195654015,
            0.6722076461138111,
            0.6711786642048023,
            0.6602554478318676,
            0.7162404001856087,
            0.7029558285443636,
            0.685827699344648,
            0.848125618279334,
            0.8366674815336315,
            0.8521220416360029,
            0.902065705834117,
            0.9913039272969222,
            0.9630345867428391,
            0.9827086651540985,
            0.9997798768215226
        ],
        [
            0.7288285438449846,
            0.5228276483630659,
            0.42780538833337667,
            0.3745287228060423,
            0.4698992069046905,
            0.0,
            0.263110820560748,
            0.35573267550473825,
            0.3987606600648172,
            0.2019989773513852,
            0.3451710999315168,
            0.3792936727883134,
            0.38219006988697757,
            0.38302285350812937,
            0.4333056898413029,
            0.4982020420955661,
            0.576696486368902,
            0.5363802513524311,
            0.5441848786304272,
            0.6002509231665827,
            0.6407088724428158
        ],
        [
            0.9269577846052808,
            0.7585527685469786,
            0.6695870776516176,
            0.5938543579598304,
            0.627748195654015,
            0.263110820560748,
            0.0,
            0.17696939214563306,
            0.34121167460549257,
            0.17546421027214418,
            0.2559388386950938,
            0.4073412728857618,
            0.5174419843556706,
            0.35427306705218853,
            0.39235423225927246,
            0.5455088578518952,
            0.6905817373437191,
            0.5202951910611238,
            0.527794060499309,
            0.6353391228034307,
            0.7230750685145538
        ],
        [
            0.9699848682952449,
            0.7915473412325089,
            0.6864356716876188,
            0.6105068252555556,
            0.6722076461138111,
            0.35573267550473825,
            0.17696939214563306,
            0.0,
            0.196173492780994,
            0.2811954627938606,
            0.1565195061171081,
            0.31755703919448963,
            0.4813169946360434,
            0.39235000503682405,
            0.3226593048155137,
            0.47598981825090847,
            0.6514075222282826,
            0.5240919613510892,
            0.47808105638581133,
            0.5784085412779925,
            0.6820140781044098
        ],
        [
            0.9057679904683612,
            0.7127564262887244,
            0.5988914903651208,
            0.5459604675822266,
            0.6711786642048023,
            0.3987606600648172,
            0.34121167460549257,
            0.196173492780994,
            0.0,
            0.3737480984311705,
            0.15115771058721164,
            0.17655423077671703,
            0.3620712674251592,
            0.4353204520346387,
            0.27068059984561693,
            0.3540318456712746,
            0.5315336653435565,
            0.5242163873427885,
            0.42351950836409424,
            0.47987222978389465,
            0.5750395986578306
        ],
        [
            0.7617330271527782,
            0.6238915967904984,
            0.5832604490052566,
            0.5623585268380705,
            0.6602554478318676,
            0.2019989773513852,
            0.17546421027214418,
            0.2811954627938606,
            0.3737480984311705,
            0.0,
            0.25275487865309304,
            0.35722552773290195,
            0.4140310653963453,
            0.2145292037677315,
            0.31887844334189874,
            0.4480363805010168,
            0.5620393124738854,
            0.38688739070079964,
            0.4217591008262339,
            0.520128988020419,
            0.5907679415763871
        ],
        [
            0.845691920376798,
            0.6891710048428725,
            0.6167668500822308,
            0.5887253778920826,
            0.7162404001856087,
            0.3451710999315168,
            0.2559388386950938,
            0.1565195061171081,
            0.15115771058721164,
            0.25275487865309304,
            0.0,
            0.18529273838229712,
            0.35343790695169136,
            0.2915912270960418,
            0.17096369052509583,
            0.3219255069352775,
            0.5010793574567186,
            0.3965865188804888,
            0.3297260634532981,
            0.4222586972379499,
            0.5263723320632568
        ],
        [
            0.741317608578949,
            0.5698762808799077,
            0.499918193217727,
            0.511130214014706,
            0.7029558285443636,
            0.3792936727883134,
            0.4073412728857618,
            0.31755703919448963,
            0.17655423077671703,
            0.35722552773290195,
            0.18529273838229712,
            0.0,
            0.19911209253402934,
            0.36108600559661275,
            0.1855146899013395,
            0.18976339122031982,
            0.35572718013955135,
            0.41698123989193764,
            0.3054142679709492,
            0.32729990379374474,
            0.40563276196248704
        ],
        [
            0.5590410312969334,
            0.37800220524981715,
            0.35000824496507327,
            0.436718286810354,
            0.685827699344648,
            0.38219006988697757,
            0.5174419843556706,
            0.4813169946360434,
            0.3620712674251592,
            0.4140310653963453,
            0.35343790695169136,
            0.19911209253402934,
            0.0,
            0.403904526188488,
            0.30899845871052617,
            0.19661368906239962,
            0.22649259879925482,
            0.4371176299711263,
            0.3555154412491229,
            0.3131044105733831,
            0.31861982149527485
        ],
        [
            0.6920303441636084,
            0.6329414064178663,
            0.6597249304323113,
            0.6974543441904398,
            0.848125618279334,
            0.38302285350812937,
            0.35427306705218853,
            0.39235000503682405,
            0.4353204520346387,
            0.2145292037677315,
            0.2915912270960418,
            0.36108600559661275,
            0.403904526188488,
            0.0,
            0.23075370419592128,
            0.3577224146182854,
            0.46318516859724174,
            0.17512779153566105,
            0.25487323404339285,
            0.3721097456731633,
            0.4521188562225854
        ],
        [
            0.7537176007235272,
            0.6499194663682865,
            0.6337858498155631,
            0.6615821648075725,
            0.8366674815336315,
            0.4333056898413029,
            0.39235423225927246,
            0.3226593048155137,
            0.27068059984561693,
            0.31887844334189874,
            0.17096369052509583,
            0.1855146899013395,
            0.30899845871052617,
            0.23075370419592128,
            0.0,
            0.19745794927878588,
            0.3799298566725509,
            0.26057841451882785,
            0.15984153362760328,
            0.26122452601491075,
            0.3780817519715937
        ],
        [
            0.6377355921253832,
            0.5372055068323921,
            0.5456924462974814,
            0.6228486735324058,
            0.8521220416360029,
            0.4982020420955661,
            0.5455088578518952,
            0.47598981825090847,
            0.3540318456712746,
            0.4480363805010168,
            0.3219255069352775,
            0.18976339122031982,
            0.19661368906239962,
            0.3577224146182854,
            0.19745794927878588,
            0.0,
            0.20076345901895828,
            0.32999889602645455,
            0.19441742561303085,
            0.14505743546950312,
            0.22194984480727947
        ],
        [
            0.46905254630809157,
            0.4149195848314268,
            0.4963812624438804,
            0.6368828133510173,
            0.902065705834117,
            0.576696486368902,
            0.6905817373437191,
            0.6514075222282826,
            0.5315336653435565,
            0.5620393124738854,
            0.5010793574567186,
            0.35572718013955135,
            0.22649259879925482,
            0.46318516859724174,
            0.3799298566725509,
            0.20076345901895828,
            0.0,
            0.4061815945611081,
            0.3232594687587937,
            0.20009966509817623,
            0.1161124809088553
        ],
        [
            0.6577019206157436,
            0.6616256295797656,
            0.7317477568510475,
            0.8065280090643218,
            0.9913039272969222,
            0.5363802513524311,
            0.5202951910611238,
            0.5240919613510892,
            0.5242163873427885,
            0.38688739070079964,
            0.3965865188804888,
            0.41698123989193764,
            0.4371176299711263,
            0.17512779153566105,
            0.26057841451882785,
            0.32999889602645455,
            0.4061815945611081,
            0.0,
            0.1677017949798516,
            0.274217696647752,
            0.3533951776005992
        ],
        [
            0.6912751164066858,
            0.6531227536421952,
            0.6924398984696261,
            0.7619041080969085,
            0.9630345867428391,
            0.5441848786304272,
            0.527794060499309,
            0.47808105638581133,
            0.42351950836409424,
            0.4217591008262339,
            0.3297260634532981,
            0.3054142679709492,
            0.3555154412491229,
            0.25487323404339285,
            0.15984153362760328,
            0.19441742561303085,
            0.3232594687587937,
            0.1677017949798516,
            0.0,
            0.1507804047840456,
            0.27556761104141403
        ],
        [
            0.6143860790075044,
            0.58746079850379,
            0.6471708346991184,
            0.7484398870711277,
            0.9827086651540985,
            0.6002509231665827,
            0.6353391228034307,
            0.5784085412779925,
            0.47987222978389465,
            0.520128988020419,
            0.4222586972379499,
            0.32729990379374474,
            0.3131044105733831,
            0.3721097456731633,
            0.26122452601491075,
            0.14505743546950312,
            0.20009966509817623,
            0.274217696647752,
            0.1507804047840456,
            0.0,
            0.13788980038941565
        ],
        [
            0.5026934447498702,
            0.5077778901674866,
            0.6070006360801306,
            0.7431207065294717,
            0.9997798768215226,
            0.6407088724428158,
            0.7230750685145538,
            0.6820140781044098,
            0.5750395986578306,
            0.5907679415763871,
            0.5263723320632568,
            0.40563276196248704,
            0.31861982149527485,
            0.4521188562225854,
            0.3780817519715937,
            0.22194984480727947,
            0.1161124809088553,
            0.3533951776005992,
            0.27556761104141403,
            0.13788980038941565,
            0.0
        ]
    ],
    "9": [
        [
            0.0,
            0.3148816413895476,
            0.5406337473855777,
            0.7167240699891975,
            0.8590787440755483,
            0.7418881655830112,
            0.973625570096049,
            1.0,
            0.9413317512462385,
            0.775443958448982,
            0.8594995775524015,
            0.7504479726153067,
            0.6347530689732893,
            0.7043939875413352,
            0.81496638295305,
            0.6813379364774916,
            0.5365337899169574,
            0.6692815902176618,
            0.7693831267002711,
            0.66539177774999,
            0.5283582559449709
        ],
        [
            0.3148816413895476,
            0.0,
            0.24960635078510296,
            0.45857660143685886,
            0.6703195868620023,
            0.532306971415051,
            0.7746708506447278,
            0.7876234026263417,
            0.7020106868044281,
            0.6348976352898072,
            0.7135791931230757,
            0.589295735461,
            0.425019684244167,
            0.6437628833560191,
            0.7177663354944824,
            0.5717445036639749,
            0.39101282556202693,
            0.6725598682136166,
            0.7299265441820286,
            0.6225443874626666,
            0.4907033359237967
        ],
        [
            0.5406337473855777,
            0.24960635078510296,
            0.0,
            0.21995376051892312,
            0.4732268750611756,
            0.42138868823684345,
            0.6211717355656368,
            0.5959337881193294,
            0.4781166738154875,
            0.5493353805922018,
            0.5719896931147977,
            0.4326286700057008,
            0.2429105130299279,
            0.601086088547275,
            0.6084083854722643,
            0.4607741844204757,
            0.2917001483120574,
            0.6588646559151445,
            0.6625245737889751,
            0.5603473980470716,
            0.46296765596160233
        ],
        [
            0.7167240699891975,
            0.45857660143685886,
            0.21995376051892312,
            0.0,
            0.2806568926282227,
            0.40829565629049647,
            0.5154087439168499,
            0.4353750151825794,
            0.283256072040983,
            0.5071789141931321,
            0.4439855124233799,
            0.29709613188923834,
            0.1442704563683032,
            0.5693077599426885,
            0.50025393555692,
            0.36889178566627523,
            0.27487564480508037,
            0.6352130450075573,
            0.585527993854284,
            0.4997830549933565,
            0.4546623603761371
        ],
        [
            0.8590787440755483,
            0.6703195868620023,
            0.4732268750611756,
            0.2806568926282227,
            0.0,
            0.4834289127604497,
            0.460374752243658,
            0.32400827567881113,
            0.22149156905130193,
            0.473638625941835,
            0.2745298775359617,
            0.15207225219388623,
            0.24545545842768132,
            0.48699929449757784,
            0.31424999118632335,
            0.2461180543374625,
            0.3262090733252049,
            0.5321671030009941,
            0.41750001396534925,
            0.37434335259546925,
            0.4158414832915292
        ],
        [
            0.7418881655830112,
            0.532306971415051,
            0.42138868823684345,
            0.40829565629049647,
            0.4834289127604497,
            0.0,
            0.26421119937820314,
            0.3561822201792794,
            0.39142047750681647,
            0.20511314261626165,
            0.3717546189919895,
            0.39497712818089203,
            0.3870434630574817,
            0.38909197892114467,
            0.46942576730200725,
            0.4761859176499153,
            0.46183688041106397,
            0.5450211372763377,
            0.5700015041671889,
            0.5695535755040583,
            0.5320173126099722
        ],
        [
            0.973625570096049,
            0.7746708506447278,
            0.6211717355656368,
            0.5154087439168499,
            0.460374752243658,
            0.26421119937820314,
            0.0,
            0.17800344090656064,
            0.33089612807921626,
            0.24444487351060196,
            0.2945412090097416,
            0.41340186417724095,
            0.5024642151421661,
            0.4326755808484607,
            0.43307509997280463,
            0.5236411861257834,
            0.593810018423833,
            0.5962414809510309,
            0.5688098294927489,
            0.6185938115622084,
            0.6408086678335234
        ],
        [
            1.0,
            0.7876234026263417,
            0.5959337881193294,
            0.4353750151825794,
            0.32400827567881113,
            0.3561822201792794,
            0.17800344090656064,
            0.0,
            0.18759185349992805,
            0.34603726297174187,
            0.24622844388816564,
            0.3306878292959776,
            0.43657983527416416,
            0.4795035176681315,
            0.38911134345410764,
            0.45760289418245925,
            0.5426298376443162,
            0.6108860507384545,
            0.5367586024944803,
            0.5699427771536143,
            0.6097190625588372
        ],
        [
            0.9413317512462385,
            0.7020106868044281,
            0.4781166738154875,
            0.283256072040983,
            0.22149156905130193,
            0.39142047750681647,
            0.33089612807921626,
            0.18759185349992805,
            0.0,
            0.44120176463466443,
            0.31903527636988094,
            0.2862932115261602,
            0.3261284441538042,
            0.549142192558178,
            0.4336370796367171,
            0.4170550871679665,
            0.4549620808984255,
            0.6529999436184984,
            0.568170092507945,
            0.5515085630603044,
            0.5712208133009298
        ],
        [
            0.775443958448982,
            0.6348976352898072,
            0.5493353805922018,
            0.5071789141931321,
            0.473638625941835,
            0.20511314261626165,
            0.24444487351060196,
            0.34603726297174187,
            0.44120176463466443,
            0.0,
            0.25737840797810196,
            0.3548690164373463,
            0.43593357546837397,
            0.21808311382847193,
            0.33202565307652876,
            0.4124967028353834,
            0.47357124269425427,
            0.3933954840171995,
            0.4242874854397334,
            0.47153309259438275,
            0.4710690110457327
        ],
        [
            0.8594995775524015,
            0.7135791931230757,
            0.5719896931147977,
            0.4439855124233799,
            0.2745298775359617,
            0.3717546189919895,
            0.2945412090097416,
            0.24622844388816564,
            0.31903527636988094,
            0.25737840797810196,
            0.0,
            0.1880094842121054,
            0.36512448822743443,
            0.27206444762272886,
            0.14593906776704943,
            0.2671743234668436,
            0.410163820376704,
            0.3730659755043103,
            0.2921700193179815,
            0.3462709221673778,
            0.4085409547913157
        ],
        [
            0.7504479726153067,
            0.589295735461,
            0.4326286700057008,
            0.29709613188923834,
            0.15207225219388623,
            0.39497712818089203,
            0.41340186417724095,
            0.3306878292959776,
            0.2862932115261602,
            0.3548690164373463,
            0.1880094842121054,
            0.0,
            0.19802722080607355,
            0.3417591866528567,
            0.2059966234289244,
            0.1334132183044287,
            0.2435348727793348,
            0.39205814933484207,
            0.3048734794771149,
            0.2660105053178458,
            0.29678101274618257
        ],
        [
            0.6347530689732893,
            0.425019684244167,
            0.2429105130299279,
            0.1442704563683032,
            0.24545545842768132,
            0.3870434630574817,
            0.5024642151421661,
            0.43657983527416416,
            0.3261284441538042,
            0.43593357546837397,
            0.36512448822743443,
            0.19802722080607355,
            0.0,
            0.45150144377235996,
            0.38899972602680294,
            0.23733319089418375,
            0.14204015655461177,
            0.49760948905151525,
            0.45476553763226835,
            0.3612312465520823,
            0.31142310656683514
        ],
        [
            0.7043939875413352,
            0.6437628833560191,
            0.601086088547275,
            0.5693077599426885,
            0.48699929449757784,
            0.38909197892114467,
            0.4326755808484607,
            0.4795035176681315,
            0.549142192558178,
            0.21808311382847193,
            0.27206444762272886,
            0.3417591866528567,
            0.45150144377235996,
            0.0,
            0.2336639819178911,
            0.3254162028999623,
            0.4256014905781305,
            0.17818673312357447,
            0.2503945677218465,
            0.3186978742290297,
            0.33699645507797793
        ],
        [
            0.81496638295305,
            0.7177663354944824,
            0.6084083854722643,
            0.50025393555692,
            0.31424999118632335,
            0.46942576730200725,
            0.43307509997280463,
            0.38911134345410764,
            0.4336370796367171,
            0.33202565307652876,
            0.14593906776704943,
            0.2059966234289244,
            0.38899972602680294,
            0.2336639819178911,
            0.0,
            0.2016226540590015,
            0.38342112027647385,
            0.2628427182693865,
            0.14825097614668342,
            0.22683325428492127,
            0.3213933747088351
        ],
        [
            0.6813379364774916,
            0.5717445036639749,
            0.4607741844204757,
            0.36889178566627523,
            0.2461180543374625,
            0.4761859176499153,
            0.5236411861257834,
            0.45760289418245925,
            0.4170550871679665,
            0.4124967028353834,
            0.2671743234668436,
            0.1334132183044287,
            0.23733319089418375,
            0.3254162028999623,
            0.2016226540590015,
            0.0,
            0.19724568946575005,
            0.313455973630704,
            0.22787764491365706,
            0.13974596322729083,
            0.17995368001574596
        ],
        [
            0.5365337899169574,
            0.39101282556202693,
            0.2917001483120574,
            0.27487564480508037,
            0.3262090733252049,
            0.46183688041106397,
            0.593810018423833,
            0.5426298376443162,
            0.4549620808984255,
            0.47357124269425427,
            0.410163820376704,
            0.2435348727793348,
            0.14204015655461177,
            0.4256014905781305,
            0.38342112027647385,
