{
    "8": [
        [
            0.0,
            0.22921898303231708,
            0.3869561473579102,
            0.5118780420732133,
            0.6366145336291419,
            0.5542714712877641,
            0.7411475659904451,
            0.8617697798000178,
            1.0,
            0.5805566527359087,
            0.7490456867968642,
            0.8604025599947357,
            0.9821812912829884,
            0.5232309795102729,
            0.6706452024959874,
            0.7719294429832946,
            0.8625710952072888,
            0.49079098707787355,
            0.5592564936391589,
            0.5743863313862041,
            0.5548946471996761
        ],
        [
            0.22921898303231708,
            0.0,
            0.18147624911179266,
            0.33222715592405877,
            0.49809617419370883,
            0.4020972118273858,
            0.5934742446184713,
            0.7149440219791392,
            0.8535153866470423,
            0.476757837660272,
            0.6402426087394274,
            0.7473247452367989,
            0.8634237504848964,
            0.4757604618563143,
            0.5965988572190396,
            0.6864087520877729,
            0.7611160684768857,
            0.48972707529320014,
            0.5189213552264134,
            0.5087534299330357,
            0.46482672519459234
        ],
        [
            0.3869561473579102,
            0.18147624911179266,
            0.0,
            0.15819222002311062,
            0.339652387034618,
            0.30541811770697813,
            0.4755589100355144,
            0.5873672037409747,
            0.720862588219533,
            0.39279204042298516,
            0.5304904443157287,
            0.6256320479880343,
            0.7345375294796125,
            0.41954587428493256,
            0.5026919526963538,
            0.5731774972501927,
            0.6325592487903783,
            0.45519914925406585,
            0.44392861368915404,
            0.408075363958422,
            0.3462645785807785
        ],
        [
            0.5118780420732133,
            0.33222715592405877,
            0.15819222002311062,
            0.0,
            0.19134536930979104,
            0.26312477192512523,
            0.3838438777689424,
            0.4783445097898853,
            0.6033407381014643,
            0.32810158683108614,
            0.42558875396886287,
            0.505279581743191,
            0.6070393604112797,
            0.36762447417484684,
            0.4057428498798674,
            0.4535851460556873,
            0.4989769062968313,
            0.4167718816404941,
            0.3678557258217834,
            0.311608494933633,
            0.24344367943036763
        ],
        [
            0.6366145336291419,
            0.49809617419370883,
            0.339652387034618,
            0.19134536930979104,
            0.0,
            0.353658122959973,
            0.39486188362089336,
            0.45098141377176987,
            0.5526472557310135,
            0.3476786006216158,
            0.3760396035842518,
            0.42504683758156125,
            0.51446861788821,
            0.35591775799695696,
            0.33548270250682943,
            0.3434947283833939,
            0.37276555129114114,
            0.38836038153869895,
            0.2965901767905325,
            0.20954435362208018,
            0.14341071531703242
        ],
        [
            0.5542714712877641,
            0.4020972118273858,
            0.30541811770697813,
            0.26312477192512523,
            0.353658122959973,
            0.0,
            0.19394577585263145,
            0.31846996657318016,
            0.4578467545149606,
            0.14882407243915588,
            0.27604125609942654,
            0.3779178616086735,
            0.485733375087878,
            0.28088241019643045,
            0.3139141405915423,
            0.38457970149969045,
            0.437997628844488,
            0.3944769221430389,
            0.3750124443616097,
            0.38397651876848365,
            0.3858686793503389
        ],
        [
            0.7411475659904451,
            0.5934742446184713,
            0.4755589100355144,
            0.3838438777689424,
            0.39486188362089336,
            0.19394577585263145,
            0.0,
            0.12525034538240093,
            0.26427980852873306,
            0.19879901141360012,
            0.16671305515046222,
            0.22719271882926395,
            0.31252497394614737,
            0.3499867977086252,
            0.29093538047723644,
            0.31157328402935547,
            0.3259470834321091,
            0.476180957441191,
            0.42852039372855255,
            0.4378123067734111,
            0.45812076371411264
        ],
        [
            0.8617697798000178,
            0.7149440219791392,
            0.5873672037409747,
            0.4783445097898853,
            0.45098141377176987,
            0.31846996657318016,
            0.12525034538240093,
            0.0,
            0.13956307737605603,
            0.29999745146054524,
            0.18691752377034607,
            0.17390547307644966,
            0.21420486069460495,
            0.4334773794705819,
            0.3343720208122705,
            0.31400095086956475,
            0.2903672022051469,
            0.5546055831893283,
            0.49390281692098,
            0.4999063960701921,
            0.5263493936982285
        ],
        [
            1.0,
            0.8535153866470423,
            0.720862588219533,
            0.6033407381014643,
            0.5526472557310135,
            0.4578467545149606,
            0.26427980852873306,
            0.13956307737605603,
            0.0,
            0.430877472626956,
            0.28876390881154385,
            0.21861534461854534,
            0.1714345357512617,
            0.5514133883512969,
            0.4315600174599274,
            0.3822440452114478,
            0.3257000887923958,
            0.6666830079081417,
            0.599534964867657,
            0.6040670974360308,
            0.6345015679058154
        ],
        [
            0.5805566527359087,
            0.476757837660272,
            0.39279204042298516,
            0.32810158683108614,
            0.3476786006216158,
            0.14882407243915588,
            0.19879901141360012,
            0.29999745146054524,
            0.430877472626956,
            0.0,
            0.17442796058920212,
            0.2892959477192093,
            0.40900184350232094,
            0.15930115725118438,
            0.17674348365563572,
            0.26436189019419815,
            0.3373860119899241,
            0.2882144703697975,
            0.2681513218322004,
            0.3059350899219952,
            0.34606702097000663
        ],
        [
            0.7490456867968642,
            0.6402426087394274,
            0.5304904443157287,
            0.42558875396886287,
            0.3760396035842518,
            0.27604125609942654,
            0.16671305515046222,
            0.18691752377034607,
            0.28876390881154385,
            0.17442796058920212,
            0.0,
            0.11526250864130902,
            0.23560452664081186,
            0.2643995066285115,
            0.15076628885415086,
            0.1577554202864124,
            0.1929346163717367,
            0.3791231252388723,
            0.3230290541944791,
            0.3510202600167382,
            0.4038769743857654
        ],
        [
            0.8604025599947357,
            0.7473247452367989,
            0.6256320479880343,
            0.505279581743191,
            0.42504683758156125,
            0.3779178616086735,
            0.22719271882926395,
            0.17390547307644966,
            0.21861534461854534,
            0.2892959477192093,
            0.11526250864130902,
            0.0,
            0.12225297557592342,
            0.36537498419885156,
            0.22552127987939657,
            0.16775743694442405,
            0.13667003758816987,
            0.46698954809456744,
            0.39775090126012197,
            0.4156046501804812,
            0.46837881694119204
        ],
        [
            0.9821812912829884,
            0.8634237504848964,
            0.7345375294796125,
            0.6070393604112797,
            0.51446861788821,
            0.485733375087878,
            0.31252497394614737,
            0.21420486069460495,
            0.1714345357512617,
            0.40900184350232094,
            0.23560452664081186,
            0.12225297557592342,
            0.0,
            0.4855377725164793,
            0.34079161221316095,
            0.2630837919343633,
            0.1910123783078088,
            0.581866251711964,
            0.5085620429254921,
            0.5205781797016135,
            0.5703940784350715
        ],
        [
            0.5232309795102729,
            0.4757604618563143,
            0.41954587428493256,
            0.36762447417484684,
            0.35591775799695696,
            0.28088241019643045,
            0.3499867977086252,
            0.4334773794705819,
            0.5514133883512969,
            0.15930115725118438,
            0.2643995066285115,
            0.36537498419885156,
            0.4855377725164793,
            0.0,
            0.1545516734879637,
            0.2639333160666199,
            0.36302245450665127,
            0.13107283879713305,
            0.14341420204396144,
            0.22079166942495831,
            0.2901999386176721
        ],
        [
            0.6706452024959874,
            0.5965988572190396,
            0.5026919526963538,
            0.4057428498798674,
            0.33548270250682943,
            0.3139141405915423,
            0.29093538047723644,
            0.3343720208122705,
            0.4315600174599274,
            0.17674348365563572,
            0.15076628885415086,
            0.22552127987939657,
            0.34079161221316095,
            0.1545516734879637,
            0.0,
            0.11182860724333711,
            0.21067210591309027,
            0.2416576520070658,
            0.1820108150414054,
            0.2323940844988349,
            0.31054848119631523
        ],
        [
            0.7719294429832946,
            0.6864087520877729,
            0.5731774972501927,
            0.4535851460556873,
            0.3434947283833939,
            0.38457970149969045,
            0.31157328402935547,
            0.31400095086956475,
            0.3822440452114478,
            0.26436189019419815,
            0.1577554202864124,
            0.16775743694442405,
            0.2630837919343633,
            0.2639333160666199,
            0.11182860724333711,
            0.0,
            0.1028691018597572,
            0.3325500693102294,
            0.2504643789841446,
            0.27240725216110234,
            0.344333012332504
        ],
        [
            0.8625710952072888,
            0.7611160684768857,
            0.6325592487903783,
            0.4989769062968313,
            0.37276555129114114,
            0.437997628844488,
            0.3259470834321091,
            0.2903672022051469,
            0.3257000887923958,
            0.3373860119899241,
            0.1929346163717367,
            0.13667003758816987,
            0.1910123783078088,
            0.36302245450665127,
            0.21067210591309027,
            0.1028691018597572,
            0.0,
            0.4331203817378188,
            0.3438088472385969,
            0.3465976964057104,
            0.4038099483938903
        ],
        [
            0.49079098707787355,
            0.48972707529320014,
            0.45519914925406585,
            0.4167718816404941,
            0.38836038153869895,
            0.3944769221430389,
            0.476180957441191,
            0.5546055831893283,
            0.6666830079081417,
            0.2882144703697975,
            0.3791231252388723,
            0.46698954809456744,
            0.581866251711964,
            0.13107283879713305,
            0.2416576520070658,
            0.3325500693102294,
            0.4331203817378188,
            0.0,
            0.11325842953390586,
            0.20148120927309948,
            0.27799549179944727
        ],
        [
            0.5592564936391589,
            0.5189213552264134,
            0.44392861368915404,
            0.3678557258217834,
            0.2965901767905325,
            0.3750124443616097,
            0.42852039372855255,
            0.49390281692098,
            0.599534964867657,
            0.2681513218322004,
            0.3230290541944791,
            0.39775090126012197,
            0.5085620429254921,
            0.14341420204396144,
            0.1820108150414054,
            0.2504643789841446,
            0.3438088472385969,
            0.11325842953390586,
            0.0,
            0.10230481728329889,
            0.19678831673870187
        ],
        [
            0.5743863313862041,
            0.5087534299330357,
            0.408075363958422,
            0.311608494933633,
            0.20954435362208018,
            0.38397651876848365,
            0.4378123067734111,
            0.4999063960701921,
            0.6040670974360308,
            0.3059350899219952,
            0.3510202600167382,
            0.4156046501804812,
            0.5205781797016135,
            0.22079166942495831,
            0.2323940844988349,
            0.27240725216110234,
            0.3465976964057104,
            0.20148120927309948,
            0.10230481728329889,
            0.0,
            0.10185898289402763
        ],
        [
            0.5548946471996761,
            0.46482672519459234,
            0.3462645785807785,
            0.24344367943036763,
            0.14341071531703242,
            0.3858686793503389,
            0.45812076371411264,
            0.5263493936982285,
            0.6345015679058154,
            0.34606702097000663,
            0.4038769743857654,
            0.46837881694119204,
            0.5703940784350715,
            0.2901999386176721,
            0.31054848119631523,
            0.344333012332504,
            0.4038099483938903,
            0.27799549179944727,
            0.19678831673870187,
            0.10185898289402763,
            0.0
        ]
    ]
}