{
    "7": [
        [
            0.0,
            0.22268958612083375,
            0.39801967653161796,
            0.5508836102448026,
            0.7478281915736533,
            0.5238170498417855,
            0.7108252777753985,
            0.8338379350429734,
            0.9789544455534701,
            0.5475522323424442,
            0.7245071765175654,
            0.8527265588671427,
            1.0,
            0.4975300512806306,
            0.6600139209422802,
            0.7975515133632252,
            0.939003192275107,
            0.4730180287963213,
            0.5926118460491393,
            0.69934335323502,
            0.8081653325298341
        ],
        [
            0.22268958612083375,
            0.0,
            0.17731677975503024,
            0.33275238542765206,
            0.5289605531719178,
            0.37607473723394136,
            0.5579398851334931,
            0.6749811978268087,
            0.8166085407901144,
            0.4487989874877788,
            0.6138297418241182,
            0.7346328359658799,
            0.8760401254841452,
            0.45536884150295004,
            0.5917667096040419,
            0.7167354050364216,
            0.8471885724433029,
            0.47598559816017677,
            0.5771578560873485,
            0.6729629457910629,
            0.7697549045082693
        ],
        [
            0.39801967653161796,
            0.17731677975503024,
            0.0,
            0.15614119475105903,
            0.3526977921040903,
            0.3021676383264986,
            0.45719150646237494,
            0.5624950620792412,
            0.6962401023921758,
            0.419754933720983,
            0.5567129232426207,
            0.6641719544520995,
            0.7948855556229539,
            0.4812483091205582,
            0.5794678400490435,
            0.6851471262212766,
            0.8001055686316815,
            0.5380178270762154,
            0.6137809964775243,
            0.6938310452878117,
            0.7758758266661252
        ],
        [
            0.5508836102448026,
            0.33275238542765206,
            0.15614119475105903,
            0.0,
            0.20088686059676186,
            0.3038576169551429,
            0.4042860108662698,
            0.48881406175265324,
            0.607984231712475,
            0.44446748909974726,
            0.5428552415785582,
            0.6314008716328574,
            0.7464315890866654,
            0.5454753371308918,
            0.6060739969399561,
            0.6894409073104188,
            0.7859254541225351,
            0.6255935131256101,
            0.6788421050183556,
            0.7432584110854881,
            0.8106305139642536
        ],
        [
            0.7478281915736533,
            0.5289605531719178,
            0.3526977921040903,
            0.20088686059676186,
            0.0,
            0.4470766702190629,
            0.4749358943012502,
            0.5168355671793486,
            0.5988218432807757,
            0.5873497112230798,
            0.6400658855571687,
            0.6984169469064022,
            0.7845860299296175,
            0.7095699486585293,
            0.736903088080452,
            0.7928650149323794,
            0.862799795844068,
            0.8006482604113178,
            0.8366437452727926,
            0.8855943201587914,
            0.9363517442372653
        ],
        [
            0.5238170498417855,
            0.37607473723394136,
            0.3021676383264986,
            0.3038576169551429,
            0.4470766702190629,
            0.0,
            0.1901699909460866,
            0.3162215119556671,
            0.46263692964669273,
            0.1452627526731623,
            0.26960576772660433,
            0.3877311042225041,
            0.5282189852002506,
            0.27550428614640526,
            0.32027068830214916,
            0.4189591370928523,
            0.5364685064027054,
            0.3856983126808064,
            0.4133119293706308,
            0.47285210659514865,
            0.5448337265345592
        ],
        [
            0.7108252777753985,
            0.5579398851334931,
            0.45719150646237494,
            0.4042860108662698,
            0.4749358943012502,
            0.1901699909460866,
            0.0,
            0.12783535921953426,
            0.2740625207826018,
            0.21746406391891954,
            0.1763429097598129,
            0.24426254242250497,
            0.36394892891996405,
            0.36286544525823994,
            0.30991536997363356,
            0.34312377686534334,
            0.4205676522463089,
            0.48166606864630146,
            0.4603174332448651,
            0.4782690887984097,
            0.5135861157271435
        ],
        [
            0.8338379350429734,
            0.6749811978268087,
            0.5624950620792412,
            0.48881406175265324,
            0.5168355671793486,
            0.3162215119556671,
            0.12783535921953426,
            0.0,
            0.1465781231292925,
            0.3291375710771095,
            0.21721855869791099,
            0.20566358744878244,
            0.2782883803102807,
            0.46136598438810417,
            0.36936946202945525,
            0.3513408493801892,
            0.38241180776393374,
            0.574694078130188,
            0.5325948546672912,
            0.5261778042004244,
            0.5345415746346398
        ],
        [
            0.9789544455534701,
            0.8166085407901144,
            0.6962401023921758,
            0.607984231712475,
            0.5988218432807757,
            0.46263692964669273,
            0.2740625207826018,
            0.1465781231292925,
            0.0,
            0.4677751413271012,
            0.32569211814703375,
            0.2514707631083152,
            0.23528146088647214,
            0.5899944416630135,
            0.47382806542938116,
            0.41499954413738865,
            0.39234393328078093,
            0.6979596099290977,
            0.6400390436271655,
            0.6132295655408387,
            0.5963707810732722
        ],
        [
            0.5475522323424442,
            0.4487989874877788,
            0.419754933720983,
            0.44446748909974726,
            0.5873497112230798,
            0.1452627526731623,
            0.21746406391891954,
            0.3291375710771095,
            0.4677751413271012,
            0.0,
            0.1827699748870272,
            0.31634449284410854,
            0.4661487846871792,
            0.15432066618211415,
            0.18466719378078156,
            0.3024921950238285,
            0.43661905664103345,
            0.27816585305993885,
            0.2819759504456122,
            0.33758203190432384,
            0.4143924363937687
        ],
        [
            0.7245071765175654,
            0.6138297418241182,
            0.5567129232426207,
            0.5428552415785582,
            0.6400658855571687,
            0.26960576772660433,
            0.1763429097598129,
            0.21721855869791099,
            0.32569211814703375,
            0.1827699748870272,
            0.0,
            0.13415730059486466,
            0.28392992215241825,
            0.2731593057484817,
            0.15545476626004853,
            0.17239640945636248,
            0.27500750978007743,
            0.3815240716068322,
            0.32402847434837245,
            0.3185710046991498,
            0.3450028877298128
        ],
        [
            0.8527265588671427,
            0.7346328359658799,
            0.6641719544520995,
            0.6314008716328574,
            0.6984169469064022,
            0.3877311042225041,
            0.24426254242250497,
            0.20566358744878244,
            0.2514707631083152,
            0.31634449284410854,
            0.13415730059486466,
            0.0,
            0.14997600363096564,
            0.3927396839849228,
            0.24465748100291462,
            0.16502734515323975,
            0.1835835272709508,
            0.4869802409040698,
            0.4078594567393359,
            0.3678156698943532,
            0.35077036751511237
        ],
        [
            1.0,
            0.8760401254841452,
            0.7948855556229539,
            0.7464315890866654,
            0.7845860299296175,
            0.5282189852002506,
            0.36394892891996405,
            0.2782883803102807,
            0.23528146088647214,
            0.4661487846871792,
            0.28392992215241825,
            0.14997600363096564,
            0.0,
            0.5369215448569108,
            0.3799418957209895,
            0.2632844258661029,
            0.1787738936391226,
            0.6219603331661662,
            0.531057822588851,
            0.46960838061831556,
            0.4189994526707972
        ],
        [
            0.4975300512806306,
            0.45536884150295004,
            0.4812483091205582,
            0.5454753371308918,
            0.7095699486585293,
            0.27550428614640526,
            0.36286544525823994,
            0.46136598438810417,
            0.5899944416630135,
            0.15432066618211415,
            0.2731593057484817,
            0.3927396839849228,
            0.5369215448569108,
            0.0,
            0.16653621944337663,
            0.3080894804406118,
            0.45439091893543393,
            0.125851432486536,
            0.1511589333052218,
            0.2402403306281068,
            0.3435073209443997
        ],
        [
            0.6600139209422802,
            0.5917667096040419,
            0.5794678400490435,
            0.6060739969399561,
            0.736903088080452,
            0.32027068830214916,
            0.30991536997363356,
            0.36936946202945525,
            0.47382806542938116,
            0.18466719378078156,
            0.15545476626004853,
            0.24465748100291462,
            0.3799418957209895,
            0.16653621944337663,
            0.0,
            0.143006011874001,
            0.28994958202245164,
            0.24735214564373786,
            0.1706336318556291,
            0.1726607996718221,
            0.23270696479371217
        ],
        [
            0.7975515133632252,
            0.7167354050364216,
            0.6851471262212766,
            0.6894409073104188,
            0.7928650149323794,
            0.4189591370928523,
            0.34312377686534334,
            0.3513408493801892,
            0.41499954413738865,
            0.3024921950238285,
            0.17239640945636248,
            0.16502734515323975,
            0.2632844258661029,
            0.3080894804406118,
            0.143006011874001,
            0.0,
            0.1471351964960365,
            0.3718237670207612,
            0.27052015340482505,
            0.20888670424741898,
            0.18879271803215214
        ],
        [
            0.939003192275107,
            0.8471885724433029,
            0.8001055686316815,
            0.7859254541225351,
            0.862799795844068,
            0.5364685064027054,
            0.4205676522463089,
            0.38241180776393374,
            0.39234393328078093,
            0.43661905664103345,
            0.27500750978007743,
            0.1835835272709508,
            0.1787738936391226,
            0.45439091893543393,
            0.28994958202245164,
            0.1471351964960365,
            0.0,
            0.5112588023849144,
            0.4038917570832599,
            0.3210425010817905,
            0.24918094982032166
        ],
        [
            0.4730180287963213,
            0.47598559816017677,
            0.5380178270762154,
            0.6255935131256101,
            0.8006482604113178,
            0.3856983126808064,
            0.48166606864630146,
            0.574694078130188,
            0.6979596099290977,
            0.27816585305993885,
            0.3815240716068322,
            0.4869802409040698,
            0.6219603331661662,
            0.125851432486536,
            0.24735214564373786,
            0.3718237670207612,
            0.5112588023849144,
            0.0,
            0.1214096050676075,
            0.2285852839121557,
            0.34050866965854154
        ],
        [
            0.5926118460491393,
            0.5771578560873485,
            0.6137809964775243,
            0.6788421050183556,
            0.8366437452727926,
            0.4133119293706308,
            0.4603174332448651,
            0.5325948546672912,
            0.6400390436271655,
            0.2819759504456122,
            0.32402847434837245,
            0.4078594567393359,
            0.531057822588851,
            0.1511589333052218,
            0.1706336318556291,
            0.27052015340482505,
            0.4038917570832599,
            0.1214096050676075,
            0.0,
            0.10873942404561707,
            0.22248043742986973
        ],
        [
            0.69934335323502,
            0.6729629457910629,
            0.6938310452878117,
            0.7432584110854881,
            0.8855943201587914,
            0.47285210659514865,
            0.4782690887984097,
            0.5261778042004244,
            0.6132295655408387,
            0.33758203190432384,
            0.3185710046991498,
            0.3678156698943532,
            0.46960838061831556,
            0.2402403306281068,
            0.1726607996718221,
            0.20888670424741898,
            0.3210425010817905,
            0.2285852839121557,
            0.10873942404561707,
            0.0,
            0.11450482021048002
        ],
        [
            0.8081653325298341,
            0.7697549045082693,
            0.7758758266661252,
            0.8106305139642536,
            0.9363517442372653,
            0.5448337265345592,
            0.5135861157271435,
            0.5345415746346398,
            0.5963707810732722,
            0.4143924363937687,
            0.3450028877298128,
            0.35077036751511237,
            0.4189994526707972,
            0.3435073209443997,
            0.23270696479371217,
            0.18879271803215214,
            0.24918094982032166,
            0.34050866965854154,
            0.22248043742986973,
            0.11450482021048002,
            0.0
        ]
    ],
    "30": [
        [
            0.0,
            0.22213522589402862,
            0.39705302252646835,
            0.5496326564527546,
            0.7442931463091396,
            0.5220258197868909,
            0.7093696268454588,
            0.8330051515139397,
            0.9765144324814777,
            0.5452634325977258,
            0.7233602218798096,
            0.8524759429246344,
            1.0,
            0.49512977731023444,
            0.660030934035876,
            0.7991055679673484,
            0.9422315521076973,
            0.4706265141785559,
            0.5894827038071907,
            0.6939413812712378,
            0.8021766799891897
        ],
        [
            0.22213522589402862,
            0.0,
            0.17677619108062104,
            0.33158037495600867,
            0.526414727513566,
            0.3744635204654015,
            0.5567190923959295,
            0.6760697577754268,
            0.818695874446268,
            0.446649100453827,
            0.6174446060194846,
            0.7420309500080307,
            0.8861666585869745,
            0.453070275991467,
            0.5997211749996672,
            0.732015306074253,
            0.8677120069694169,
            0.4736523650161078,
            0.5829204684779841,
            0.6840273065013608,
            0.7856793111287923
        ],
        [
            0.39705302252646835,
            0.17677619108062104,
            0.0,
            0.15548037048794225,
            0.3498543802872749,
            0.3142692235937363,
            0.4684231372303838,
            0.5768622133194737,
            0.7129814994459394,
            0.43192228589622317,
            0.5779633961145586,
            0.6914094004319804,
            0.826546337503972,
            0.4927403599586286,
            0.6076111974791487,
            0.725436004602516,
            0.8483320239840345,
            0.5483977277414013,
            0.640275597816408,
            0.7323413292941001,
            0.8240358215486868
        ],
        [
            0.5496326564527546,
            0.33158037495600867,
            0.15548037048794225,
            0.0,
            0.19561868799466517,
            0.3245346090552222,
            0.4252347693309433,
            0.5136933843778566,
            0.6361993949238001,
            0.46462846878260883,
            0.5755444149767771,
            0.6724004499495683,
            0.7936907756511673,
            0.5632589516142278,
            0.6457522091501029,
            0.7457618435691881,
            0.8530260906444572,
            0.641210924324204,
            0.7168052183047078,
            0.7989133527926537,
            0.8802954636723861
        ],
        [
            0.7442931463091396,
            0.526414727513566,
            0.3498543802872749,
            0.19561868799466517,
            0.0,
            0.44826662949790136,
            0.4756674825115642,
            0.5240318970399682,
            0.6139424867513621,
            0.5887718902685821,
            0.6549615122311958,
            0.7247982779665527,
            0.8212091944975206,
            0.7105767781125794,
            0.760443245112209,
            0.8369038134594504,
            0.9218303514294663,
            0.8013519341181446,
            0.8611659234869764,
            0.9313560560444508,
            0.9999947472096558
        ],
        [
            0.5220258197868909,
            0.3744635204654015,
            0.3142692235937363,
            0.3245346090552222,
            0.44826662949790136,
            0.0,
            0.18909889496233814,
            0.31444892034011407,
            0.45802549935238196,
            0.1448186347183886,
            0.2734496939561835,
            0.39355020959962206,
            0.534890868408991,
            0.2748053124209436,
            0.33580285327252096,
            0.4432571983208423,
            0.5626798188284362,
            0.3847137206343684,
            0.4389788346835709,
            0.5162562173874271,
            0.5975594158734593
        ],
        [
            0.7093696268454588,
            0.5567190923959295,
            0.4684231372303838,
            0.4252347693309433,
            0.4756674825115642,
            0.18909889496233814,
            0.0,
            0.12626091393564332,
            0.26914999619263685,
            0.21959254073930592,
            0.18988378070372128,
            0.2615243052740909,
            0.38106042655462263,
            0.366465318319118,
            0.3351408093193786,
            0.3852366786698073,
            0.4667707416400956,
            0.48586819775929485,
            0.49637668902167187,
            0.5415173823832632,
            0.594173172460788
        ],
        [
            0.8330051515139397,
            0.6760697577754268,
            0.5768622133194737,
            0.5136933843778566,
            0.5240318970399682,
            0.31444892034011407,
            0.12626091393564332,
            0.0,
            0.14390360621971288,
            0.32760055196506815,
            0.22712827946634248,
            0.22746253917180687,
            0.30381018299009493,
            0.46240346629544626,
            0.3910905545601009,
            0.39638814705169334,
            0.4389029851352769,
            0.5775718875043896,
            0.5666042327735846,
            0.5911265423510037,
            0.6228631045142089
        ],
        [
            0.9765144324814777,
            0.818695874446268,
            0.7129814994459394,
            0.6361993949238001,
            0.6139424867513621,
            0.45802549935238196,
            0.26914999619263685,
            0.14390360621971288,
            0.0,
            0.4605727069425258,
            0.3262170239987168,
            0.26547721189881773,
            0.2642820320094156,
            0.5858396222760645,
            0.4873299438546913,
            0.4536118782344153,
            0.45058391619501004,
            0.697013524555736,
            0.668939378775433,
            0.6751126330957491,
            0.6865401581556835
        ],
        [
            0.5452634325977258,
            0.446649100453827,
            0.43192228589622317,
            0.46462846878260883,
            0.5887718902685821,
            0.1448186347183886,
            0.21959254073930592,
            0.32760055196506815,
            0.4605727069425258,
            0.0,
            0.1810382460717784,
            0.31342685924400965,
            0.4621915091640893,
            0.15396545598234834,
            0.19697291795832783,
            0.31707365563731826,
            0.4486448826894313,
            0.27746279705598836,
            0.3111075186033702,
            0.383678166352543,
            0.46551380279720544
        ],
        [
            0.7233602218798096,
            0.6174446060194846,
            0.5779633961145586,
            0.5755444149767771,
            0.6549615122311958,
            0.2734496939561835,
            0.18988378070372128,
            0.22712827946634248,
            0.3262170239987168,
            0.1810382460717784,
            0.0,
            0.13298492482019375,
            0.2815651365395964,
            0.27023490835962277,
            0.16822147777813562,
            0.19984152837642533,
            0.297987926309265,
            0.3797777452389,
            0.35328917073857063,
            0.37772923378566164,
            0.42054160706262894
        ],
        [
            0.8524759429246344,
            0.7420309500080307,
            0.6914094004319804,
            0.6724004499495683,
            0.7247982779665527,
            0.39355020959962206,
            0.2615243052740909,
            0.22746253917180687,
            0.26547721189881773,
            0.31342685924400965,
            0.13298492482019375,
            0.0,
            0.1488059178513544,
            0.3865752321163226,
            0.2474866342460735,
            0.18932520452723556,
            0.21539522536495762,
            0.48167398934761124,
            0.4284899750460261,
            0.42059505254888285,
            0.42928655838078883
        ],
        [
            1.0,
            0.8861666585869745,
            0.826546337503972,
            0.7936907756511673,
            0.8212091944975206,
            0.534890868408991,
            0.38106042655462263,
            0.30381018299009493,
            0.2642820320094156,
            0.4621915091640893,
            0.2815651365395964,
            0.1488059178513544,
            0.0,
            0.5283173544076104,
            0.3768165973087253,
            0.2746794632013298,
            0.20811053739530924,
            0.613605200991823,
            0.5442008327938737,
            0.512651769354947,
            0.49102350660911404
        ],
        [
            0.49512977731023444,
            0.453070275991467,
            0.4927403599586286,
            0.5632589516142278,
            0.7105767781125794,
            0.2748053124209436,
            0.366465318319118,
            0.46240346629544626,
            0.5858396222760645,
            0.15396545598234834,
            0.27023490835962277,
            0.3865752321163226,
            0.5283173544076104,
            0.0,
            0.1656134201329712,
            0.30589943075935516,
            0.45029300830095037,
            0.12549828922581763,
            0.17504542934857648,
            0.26885618052796184,
            0.3694870907857621
        ],
        [
            0.660030934035876,
            0.5997211749996672,
            0.6076111974791487,
            0.6457522091501029,
            0.760443245112209,
            0.33580285327252096,
            0.3351408093193786,
            0.3910905545601009,
            0.4873299438546913,
            0.19697291795832783,
            0.16822147777813562,
            0.2474866342460735,
            0.3768165973087253,
            0.1656134201329712,
            0.0,
            0.1415165284025915,
            0.28586151612796945,
            0.2403512159220489,
            0.18954830451204896,
            0.21665226331806003,
            0.2798451062540106
        ],
        [
            0.7991055679673484,
            0.732015306074253,
            0.725436004602516,
            0.7457618435691881,
            0.8369038134594504,
            0.4432571983208423,
            0.3852366786698073,
            0.39638814705169334,
            0.4536118782344153,
            0.31707365563731826,
            0.19984152837642533,
            0.18932520452723556,
            0.2746794632013298,
            0.30589943075935516,
            0.1415165284025915,
            0.0,
            0.14463506003300639,
            0.36166942626475646,
            0.27595850462842286,
            0.24247657227516797,
            0.24506790612223187
        ],
        [
            0.9422315521076973,
            0.8677120069694169,
            0.8483320239840345,
            0.8530260906444572,
            0.9218303514294663,
            0.5626798188284362,
            0.4667707416400956,
            0.4389029851352769,
            0.45058391619501004,
            0.4486448826894313,
            0.297987926309265,
            0.21539522536495762,
            0.20811053739530924,
            0.45029300830095037,
            0.28586151612796945,
            0.14463506003300639,
            0.0,
            0.5000174455594224,
            0.40337309768496227,
            0.34272708611108216,
            0.2979145949014303
        ],
        [
            0.4706265141785559,
            0.4736523650161078,
            0.5483977277414013,
            0.641210924324204,
            0.8013519341181446,
            0.3847137206343684,
            0.48586819775929485,
            0.5775718875043896,
            0.697013524555736,
            0.27746279705598836,
            0.3797777452389,
            0.48167398934761124,
            0.613605200991823,
            0.12549828922581763,
            0.2403512159220489,
            0.36166942626475646,
            0.5000174455594224,
            0.0,
            0.11946087731112671,
            0.22621529715417782,
            0.3363407316689642
        ],
        [
            0.5894827038071907,
            0.5829204684779841,
            0.640275597816408,
            0.7168052183047078,
            0.8611659234869764,
            0.4389788346835709,
            0.49637668902167187,
            0.5666042327735846,
            0.668939378775433,
            0.3111075186033702,
            0.35328917073857063,
            0.4284899750460261,
            0.5442008327938737,
            0.17504542934857648,
            0.18954830451204896,
            0.27595850462842286,
            0.40337309768496227,
            0.11946087731112671,
            0.0,
            0.10762708039134679,
            0.217986968293787
        ],
        [
            0.6939413812712378,
            0.6840273065013608,
            0.7323413292941001,
            0.7989133527926537,
            0.9313560560444508,
            0.5162562173874271,
            0.5415173823832632,
            0.5911265423510037,
            0.6751126330957491,
            0.383678166352543,
            0.37772923378566164,
            0.42059505254888285,
            0.512651769354947,
            0.26885618052796184,
            0.21665226331806003,
            0.24247657227516797,
            0.34272708611108216,
            0.22621529715417782,
            0.10762708039134679,
            0.0,
            0.11085106116726226
        ],
        [
            0.8021766799891897,
            0.7856793111287923,
            0.8240358215486868,
            0.8802954636723861,
            0.9999947472096558,
            0.5975594158734593,
            0.594173172460788,
            0.6228631045142089,
            0.6865401581556835,
            0.46551380279720544,
            0.42054160706262894,
            0.42928655838078883,
            0.49102350660911404,
            0.3694870907857621,
            0.2798451062540106,
            0.24506790612223187,
            0.2979145949014303,
            0.3363407316689642,
            0.217986968293787,
            0.11085106116726226,
            0.0
        ]
    ],
    "0": [
        [
            0.0,
            0.22547694269903035,
            0.40179849115887306,
            0.5526547937220846,
            0.7549485098259255,
            0.5300231425079039,
            0.7183021968601705,
            0.8430454475469132,
            0.9883246906601735,
            0.5541055298001291,
            0.7321641434657127,
            0.8578722820552305,
            1.0,
            0.5035971724075945,
            0.6678836271887045,
            0.8029992874905361,
            0.9364406184630452,
            0.47885866190359383,
            0.5951757251536209,
            0.6956942519858913,
            0.7985186713673769
        ],
        [
            0.22547694269903035,
            0.0,
            0.1784573825415868,
            0.3332936133240792,
            0.5348015796086514,
            0.38048440736647,
            0.5673555717191899,
            0.6895022767370805,
            0.8340330274498065,
            0.4542435624106168,
            0.6249265869647821,
            0.744872498033305,
            0.8812886013033159,
            0.461107548570658,
            0.6002788297641514,
            0.7233460062423873,
            0.8446900828120758,
            0.48204904544307153,
            0.5798102936306563,
            0.6700287806974703,
            0.7594830246154001
        ],
        [
            0.40179849115887306,
            0.1784573825415868,
            0.0,
            0.15681532528162545,
            0.3572955022316439,
            0.29377551268474283,
            0.4565273762862576,
            0.5692928073126857,
            0.7082395716318515,
            0.40950524500935515,
            0.5542186785141233,
            0.661847724519227,
            0.788079781543734,
            0.46939859449374394,
            0.5696675237142736,
            0.6734754068724572,
            0.7789450078952311,
            0.5256739078002786,
            0.598391038986639,
            0.673576430880403,
            0.7473635630147822
        ],
        [
            0.5526547937220846,
            0.3332936133240792,
            0.15681532528162545,
            0.0,
            0.20293028189796317,
            0.26644015471736493,
            0.3745390689172141,
            0.47026430445560763,
            0.59907893838544,
            0.405272423765324,
            0.510454316880577,
            0.6010555772555539,
            0.713954002577044,
            0.5075266830527387,
            0.565952556371779,
            0.6472863922342432,
            0.7352352055355466,
            0.5894720820835695,
            0.6392438067275069,
            0.6995911114903551,
            0.7586104925420964
        ],
        [
            0.7549485098259255,
            0.5348015796086514,
            0.3572955022316439,
            0.20293028189796317,
            0.0,
            0.38587797543792907,
            0.39934920240734884,
            0.44799087339973975,
            0.5419667592761366,
            0.5193155093020857,
            0.5663247089085682,
            0.6231734802007418,
            0.705731124747053,
            0.6478771038401054,
            0.6617129364279605,
            0.7096372185669874,
            0.7672174474907882,
            0.7443793727063135,
            0.771541561854384,
            0.8134153260774919,
            0.8524183510971973
        ],
        [
            0.5300231425079039,
            0.38048440736647,
            0.29377551268474283,
            0.26644015471736493,
            0.38587797543792907,
            0.0,
            0.19169557609931268,
            0.3194419104412234,
            0.4676325173317613,
            0.14715925998353033,
            0.2780383463174507,
            0.39751976732585453,
            0.5370082262720307,
            0.27911167330354825,
            0.32780902188579447,
            0.42939206344196085,
            0.5442117053403174,
            0.3907135758286266,
            0.4316081096530387,
            0.4979797352107113,
            0.5703949463878693
        ],
        [
            0.7183021968601705,
            0.5673555717191899,
            0.4565273762862576,
            0.3745390689172141,
            0.39934920240734884,
            0.19169557609931268,
            0.0,
            0.12918916543618472,
            0.27762481597033906,
            0.21270623413477652,
            0.18157230807793215,
            0.2575023307744631,
            0.37949206295797033,
            0.36107196830525173,
            0.3113311341853543,
            0.35312039474617046,
            0.4343501587196967,
            0.48280506381347404,
            0.4773184792744933,
            0.5090646216390231,
            0.5514829594893521
        ],
        [
            0.8430454475469132,
            0.6895022767370805,
            0.5692928073126857,
            0.47026430445560763,
            0.44799087339973975,
            0.3194419104412234,
            0.12918916543618472,
            0.0,
            0.14851206899530794,
            0.3198571859109481,
            0.2094953784070591,
            0.20846397494755836,
            0.28884469682357966,
            0.45245273464574104,
            0.3583549437018068,
            0.34757131161118365,
            0.3864166085749587,
            0.5686131451963891,
            0.5385784474692507,
            0.5461966679270824,
            0.5640949705368179
        ],
        [
            0.9883246906601735,
            0.8340330274498065,
            0.7082395716318515,
            0.59907893838544,
            0.5419667592761366,
            0.4676325173317613,
            0.27762481597033906,
            0.14851206899530794,
            0.0,
            0.4563459520103125,
            0.3105675016220472,
            0.23948611002343398,
            0.23285582373083402,
            0.5745608954383986,
            0.4520416792890356,
            0.3952898776771841,
            0.3801957038022948,
            0.6834298488670486,
            0.6337446196609827,
            0.6193624302102385,
            0.6124665028547802
        ],
        [
            0.5541055298001291,
            0.4542435624106168,
            0.40950524500935515,
            0.405272423765324,
            0.5193155093020857,
            0.14715925998353033,
            0.21270623413477652,
            0.3198571859109481,
            0.4563459520103125,
            0.0,
            0.18267025426760938,
            0.3156345663183671,
            0.4647481185792396,
            0.15631911230617104,
            0.19004609856112128,
            0.3105519979522808,
            0.44338119478157195,
            0.28179384742188673,
            0.30547582554642555,
            0.37138882577361504,
            0.450643818691986
        ],
        [
            0.7321641434657127,
            0.6249265869647821,
            0.5542186785141233,
            0.510454316880577,
            0.5663247089085682,
            0.2780383463174507,
            0.18157230807793215,
            0.2094953784070591,
            0.3105675016220472,
            0.18267025426760938,
            0.0,
            0.13513701440897066,
            0.28567230273599953,
            0.2700106331365715,
            0.1528380842529678,
            0.18194307946379892,
            0.2899628866864438,
            0.38005095025931934,
            0.34149721189667853,
            0.3562428739585641,
            0.39551753015224816
        ],
        [
            0.8578722820552305,
            0.744872498033305,
            0.661847724519227,
            0.6010555772555539,
            0.6231734802007418,
            0.39751976732585453,
            0.2575023307744631,
            0.20846397494755836,
            0.23948611002343398,
            0.3156345663183671,
            0.13513701440897066,
            0.0,
            0.1506390988986286,
            0.38443724743804564,
            0.2325993819598099,
            0.15805539453879525,
            0.19183765961420904,
            0.4772961903296709,
            0.41005349856909895,
            0.3883884098680293,
            0.3884114231663934
        ],
        [
            1.0,
            0.8812886013033159,
            0.788079781543734,
            0.713954002577044,
            0.705731124747053,
            0.5370082262720307,
            0.37949206295797033,
            0.28884469682357966,
            0.23285582373083402,
            0.4647481185792396,
            0.28567230273599953,
            0.1506390988986286,
            0.0,
            0.5246824532343102,
            0.36427467627935767,
            0.24565028649118134,
            0.16804388481246263,
            0.6046247229645773,
            0.5203861885396492,
            0.47220946186893265,
            0.4358643238931836
        ],
        [
            0.5035971724075945,
            0.461107548570658,
            0.46939859449374394,
            0.5075266830527387,
            0.6478771038401054,
            0.27911167330354825,
            0.36107196830525173,
            0.45245273464574104,
            0.5745608954383986,
            0.15631911230617104,
            0.2700106331365715,
            0.38443724743804564,
            0.5246824532343102,
            0.0,
            0.16786599076075637,
            0.3087931726778813,
            0.45213975613896884,
            0.1275380169514676,
            0.17182791436863484,
            0.26439292901728123,
            0.3675133155672658
        ],
        [
            0.6678836271887045,
            0.6002788297641514,
            0.5696675237142736,
            0.565952556371779,
            0.6617129364279605,
            0.32780902188579447,
            0.3113311341853543,
            0.3583549437018068,
            0.4520416792890356,
            0.19004609856112128,
            0.1528380842529678,
            0.2325993819598099,
            0.36427467627935767,
            0.16786599076075637,
            0.0,
            0.14404663086904299,
            0.2904784010366855,
            0.24790129773892716,
            0.1919596996869469,
            0.21480376666436093,
            0.28043767391292646
        ],
        [
            0.8029992874905361,
            0.7233460062423873,
            0.6734754068724572,
            0.6472863922342432,
            0.7096372185669874,
            0.42939206344196085,
            0.35312039474617046,
            0.34757131161118365,
            0.3952898776771841,
            0.3105519979522808,
            0.18194307946379892,
            0.15805539453879525,
            0.24565028649118134,
            0.3087931726778813,
            0.14404663086904299,
            0.0,
            0.14746381593761257,
            0.3682534242371864,
            0.27704484939604324,
            0.23677006029456985,
            0.23788089868723608
        ],
        [
            0.9364406184630452,
            0.8446900828120758,
            0.7789450078952311,
            0.7352352055355466,
            0.7672174474907882,
            0.5442117053403174,
            0.4343501587196967,
            0.3864166085749587,
            0.3801957038022948,
            0.44338119478157195,
            0.2899628866864438,
            0.19183765961420904,
            0.16804388481246263,
            0.45213975613896884,
            0.2904784010366855,
