{
    "13": [
        [
            0.0,
            0.30087478014555197,
            0.5309175305134753,
            0.7270480843790077,
            1.0,
            0.7092265893502936,
            0.7637371469395592,
            0.6182719274269242,
            0.47269068331065434,
            0.7419383751515585,
            0.6863896751839783,
            0.5350149822533437,
            0.37841942932969097,
            0.6747448993297497,
            0.6436175117095729,
            0.461210860918224,
            0.2857458635926326,
            0.6416284531544919,
            0.6214350825644273,
            0.4768808972563822,
            0.3452992662514076
        ],
        [
            0.30087478014555197,
            0.0,
            0.24015240152341671,
            0.4481313297389333,
            0.7287084079148406,
            0.5090225240436529,
            0.5505746432936849,
            0.39346767307693853,
            0.226165884966792,
            0.6076759172592054,
            0.5299614402259402,
            0.3711884212471861,
            0.20411616537703886,
            0.6168232020580976,
            0.5497330919967557,
            0.3797196205734812,
            0.25912626207631656,
            0.6447952383825827,
            0.5876380028160446,
            0.4660251107714164,
            0.3904488209633157
        ],
        [
            0.5309175305134753,
            0.24015240152341671,
            0.0,
            0.21095659518098295,
            0.49222167963267205,
            0.36641419118490465,
            0.4283558109867074,
            0.3089633635490787,
            0.17090959626788527,
            0.525850565898837,
            0.47329049244966387,
            0.36882366902600283,
            0.26533678660158777,
            0.6133320012731298,
            0.555846080520283,
            0.4501070974132465,
            0.40044229073747833,
            0.6962304076579722,
            0.6384556231038034,
            0.5610378692670002,
            0.5272049287624663
        ],
        [
            0.7270480843790077,
            0.4481313297389333,
            0.21095659518098295,
            0.0,
            0.2813349294902743,
            0.30440229577206374,
            0.3998996432476665,
            0.3639841939834421,
            0.3111786540009742,
            0.498759352531097,
            0.4960523477883281,
            0.4652933839582969,
            0.4194927129557129,
            0.6484147152963314,
            0.6182520338561058,
            0.5743302475530548,
            0.5616072268298685,
            0.769831526056906,
            0.7243895110323818,
            0.6847148497748183,
            0.67382327771199
        ],
        [
            1.0,
            0.7287084079148406,
            0.49222167963267205,
            0.2813349294902743,
            0.0,
            0.42268568206146884,
            0.515538391051845,
            0.5645271815294975,
            0.5708230453843409,
            0.5956359176501212,
            0.6437257178779956,
            0.6796008032681733,
            0.6758841783477529,
            0.7893175182085387,
            0.7870003010210707,
            0.7992330420696013,
            0.8145916915054215,
            0.9379850412643839,
            0.9061473604648291,
            0.9025032878754085,
            0.91147774419259
        ],
        [
            0.7092265893502936,
            0.5090225240436529,
            0.36641419118490465,
            0.30440229577206374,
            0.42268568206146884,
            0.0,
            0.2575484008068175,
            0.3056772251625221,
            0.30858049333792364,
            0.196196326935106,
            0.28937167864621866,
            0.3513787806048512,
            0.3599925636516555,
            0.3718817529859247,
            0.4092314549341675,
            0.43895591909915677,
            0.4661063462818779,
            0.52089011830127,
            0.5148747260582845,
            0.5193352540502919,
            0.5307001455175036
        ],
        [
            0.7637371469395592,
            0.5505746432936849,
            0.4283558109867074,
            0.3998996432476665,
            0.515538391051845,
            0.2575484008068175,
            0.0,
            0.17362732009480145,
            0.32756836165275693,
            0.303448172119774,
            0.15819736180887864,
            0.2526499376559901,
            0.3887711074489945,
            0.39999503946054155,
            0.30102287667456434,
            0.3730052590564651,
            0.4958867820020963,
            0.5046598554649941,
            0.42677030830039375,
            0.46026641048632455,
            0.5350294884622054
        ],
        [
            0.6182719274269242,
            0.39346767307693853,
            0.3089633635490787,
            0.3639841939834421,
            0.5645271815294975,
            0.3056772251625221,
            0.17362732009480145,
            0.0,
            0.187052213119,
            0.38296289738919725,
            0.20645755129113466,
            0.13664265263797912,
            0.25346777512769175,
            0.4344905368618093,
            0.2995771655476877,
            0.2706944748353288,
            0.37228480285538235,
            0.5044339337630602,
            0.4053848974619122,
            0.3823953659112013,
            0.43518198211265646
        ],
        [
            0.47269068331065434,
            0.226165884966792,
            0.17090959626788527,
            0.3111786540009742,
            0.5708230453843409,
            0.30858049333792364,
            0.32756836165275693,
            0.187052213119,
            0.0,
            0.41729973597518755,
            0.3275907749273687,
            0.20421616475919319,
            0.11981867253873482,
            0.46559226645239077,
            0.39015355959632825,
            0.2813975473350356,
            0.2668894264068424,
            0.5332027773781998,
            0.46792255675140104,
            0.393466346068133,
            0.3774283951265469
        ],
        [
            0.7419383751515585,
            0.6076759172592054,
            0.525850565898837,
            0.498759352531097,
            0.5956359176501212,
            0.196196326935106,
            0.303448172119774,
            0.38296289738919725,
            0.41729973597518755,
            0.0,
            0.24724842237043027,
            0.3709868487602485,
            0.41997219639679007,
            0.2081648965413731,
            0.32282700516652507,
            0.4168875567319851,
            0.4753090328818325,
            0.375623243743296,
            0.4095839851982734,
            0.45619496969850565,
            0.48890317641555747
        ],
        [
            0.6863896751839783,
            0.5299614402259402,
            0.47329049244966387,
            0.4960523477883281,
            0.6437257178779956,
            0.28937167864621866,
            0.15819736180887864,
            0.20645755129113466,
            0.3275907749273687,
            0.24724842237043027,
            0.0,
            0.18247784962039643,
            0.33708445946642585,
            0.2629387064471851,
            0.14803586407552105,
            0.25898993007691734,
            0.40316480791783454,
            0.3479512383158506,
            0.2735003206994458,
            0.3220292865638216,
            0.4098558820743269
        ],
        [
            0.5350149822533437,
            0.3711884212471861,
            0.36882366902600283,
            0.4652933839582969,
            0.6796008032681733,
            0.3513787806048512,
            0.2526499376559901,
            0.13664265263797912,
            0.20421616475919319,
            0.3709868487602485,
            0.18247784962039643,
            0.0,
            0.19598159534010545,
            0.3557230831106916,
            0.20437301045349512,
            0.1347228637127568,
            0.2696317616927303,
            0.391272130741872,
            0.2869694891325252,
            0.24609213411258135,
            0.3070044307816085
        ],
        [
            0.37841942932969097,
            0.20411616537703886,
            0.26533678660158777,
            0.4194927129557129,
            0.6758841783477529,
            0.3599925636516555,
            0.3887711074489945,
            0.25346777512769175,
            0.11981867253873482,
            0.41997219639679007,
            0.33708445946642585,
            0.19598159534010545,
            0.0,
            0.41744429142640843,
            0.3546739742941189,
            0.20936521603624053,
            0.14727882050097302,
            0.4575263025934994,
            0.40402937262671573,
            0.30580228480422733,
            0.26320431547695244
        ],
        [
            0.6747448993297497,
            0.6168232020580976,
            0.6133320012731298,
            0.6484147152963314,
            0.7893175182085387,
            0.3718817529859247,
            0.39999503946054155,
            0.4344905368618093,
            0.46559226645239077,
            0.2081648965413731,
            0.2629387064471851,
            0.3557230831106916,
            0.41744429142640843,
            0.0,
            0.22518655403250928,
            0.3330532323288118,
            0.4089366661598257,
            0.17018236246337873,
            0.2506848731267971,
            0.3174645871608342,
            0.3648040610353429
        ],
        [
            0.6436175117095729,
            0.5497330919967557,
            0.555846080520283,
            0.6182520338561058,
            0.7870003010210707,
            0.4092314549341675,
            0.30102287667456434,
            0.2995771655476877,
            0.39015355959632825,
            0.32282700516652507,
            0.14803586407552105,
            0.20437301045349512,
            0.3546739742941189,
            0.22518655403250928,
            0.0,
            0.19462240200488087,
            0.3654089189856435,
            0.23313787401609512,
            0.1261985991196036,
            0.20594630594433305,
            0.32485027092434177
        ],
        [
            0.461210860918224,
            0.3797196205734812,
            0.4501070974132465,
            0.5743302475530548,
            0.7992330420696013,
            0.43895591909915677,
            0.3730052590564651,
            0.2706944748353288,
            0.2813975473350356,
            0.4168875567319851,
            0.25898993007691734,
            0.1347228637127568,
            0.20936521603624053,
            0.3330532323288118,
            0.19462240200488087,
            0.0,
            0.19618490016303516,
            0.3139550627371472,
            0.21229525567979976,
            0.11880366139494607,
            0.18555961518506672
        ],
        [
            0.2857458635926326,
            0.25912626207631656,
            0.40044229073747833,
            0.5616072268298685,
            0.8145916915054215,
            0.4661063462818779,
            0.4958867820020963,
            0.37228480285538235,
            0.2668894264068424,
            0.4753090328818325,
            0.40316480791783454,
            0.2696317616927303,
            0.14727882050097302,
            0.4089366661598257,
            0.3654089189856435,
            0.19618490016303516,
            0.0,
            0.4003339798865407,
            0.3666765525688987,
            0.23782984747841665,
            0.13634263428441207
        ],
        [
            0.6416284531544919,
            0.6447952383825827,
            0.6962304076579722,
            0.769831526056906,
            0.9379850412643839,
            0.52089011830127,
            0.5046598554649941,
            0.5044339337630602,
            0.5332027773781998,
            0.375623243743296,
            0.3479512383158506,
            0.391272130741872,
            0.4575263025934994,
            0.17018236246337873,
            0.23313787401609512,
            0.3139550627371472,
            0.4003339798865407,
            0.0,
            0.16431661130200256,
            0.23930620420879703,
            0.30410338237603046
        ],
        [
            0.6214350825644273,
            0.5876380028160446,
            0.6384556231038034,
            0.7243895110323818,
            0.9061473604648291,
            0.5148747260582845,
            0.42677030830039375,
            0.4053848974619122,
            0.46792255675140104,
            0.4095839851982734,
            0.2735003206994458,
            0.2869694891325252,
            0.40402937262671573,
            0.2506848731267971,
            0.1261985991196036,
            0.21229525567979976,
            0.3666765525688987,
            0.16431661130200256,
            0.0,
            0.14847093028553465,
            0.28154687875005685
        ],
        [
            0.4768808972563822,
            0.4660251107714164,
            0.5610378692670002,
            0.6847148497748183,
            0.9025032878754085,
            0.5193352540502919,
            0.46026641048632455,
            0.3823953659112013,
            0.393466346068133,
            0.45619496969850565,
            0.3220292865638216,
            0.24609213411258135,
            0.30580228480422733,
            0.3174645871608342,
            0.20594630594433305,
            0.11880366139494607,
            0.23782984747841665,
            0.23930620420879703,
            0.14847093028553465,
            0.0,
            0.14865463553756555
        ],
        [
            0.3452992662514076,
            0.3904488209633157,
            0.5272049287624663,
            0.67382327771199,
            0.91147774419259,
            0.5307001455175036,
            0.5350294884622054,
            0.43518198211265646,
            0.3774283951265469,
            0.48890317641555747,
            0.4098558820743269,
            0.3070044307816085,
            0.26320431547695244,
            0.3648040610353429,
            0.32485027092434177,
            0.18555961518506672,
            0.13634263428441207,
            0.30410338237603046,
            0.28154687875005685,
            0.14865463553756555,
            0.0
        ]
    ],
    "33": [
        [
            0.0,
            0.27759741764783225,
            0.4926269771990818,
            0.6780974380111201,
            0.9260460948399789,
            0.6515891839858416,
            0.7630659245499721,
            0.7038454378508232,
            0.630578628240882,
            0.6809388070164814,
            0.7310025040593268,
            0.6418389777441375,
            0.5655176605250728,
            0.6186649960378632,
            0.6931936979994651,
            0.6019330424747884,
            0.5423259249246121,
            0.5884270910764944,
            0.6608479178762566,
            0.5811677614021531,
            0.4971405920228909
        ],
        [
            0.27759741764783225,
            0.0,
            0.22157583898570354,
            0.4143391227452809,
            0.6658104637262544,
            0.46787889851125486,
            0.5665568924721832,
            0.4965756878083851,
            0.41556590960158646,
            0.5585376638888253,
            0.5901793534073487,
            0.49077068937990287,
            0.4064807899002175,
            0.5669944937498219,
            0.6052801603870496,
            0.5092174850595889,
            0.450384402014551,
            0.5929372659046821,
            0.630021488853829,
            0.5537823297398027,
            0.4796833251016941
        ],
        [
            0.4926269771990818,
            0.22157583898570354,
            0.0,
            0.19469972005738176,
            0.4457759669349728,
            0.3781219867772473,
            0.4792844123356568,
            0.4279061835359375,
            0.37620670066455886,
            0.5273489825554745,
            0.5646446428681041,
            0.48890466884580536,
            0.4369303854074797,
            0.6073147991788614,
            0.6318279981519246,
            0.5634616237807211,
            0.5346072359361326,
            0.680785987046413,
            0.7013890640491572,
            0.6480771297195386,
            0.600685233986776
        ],
        [
            0.6780974380111201,
            0.4143391227452809,
            0.19469972005738176,
            0.0,
            0.25316121672602004,
            0.37173941210804434,
            0.4713831310849712,
            0.45859331752805516,
            0.4547465727123293,
            0.5503423346755616,
            0.6004810117661272,
            0.5615496051630664,
            0.549558622766003,
            0.6813166249319481,
            0.7029392657365192,
            0.6676906520216027,
            0.6685617528905008,
            0.7859321315872629,
            0.7997817285178466,
            0.7694289135166816,
            0.744478386972687
        ],
        [
            0.9260460948399789,
            0.6658104637262544,
            0.4457759669349728,
            0.25316121672602004,
            0.0,
            0.5291391503100782,
            0.6038412615348998,
            0.6217001210585319,
            0.6460113628269771,
            0.7060435961359244,
            0.7595862547017506,
            0.7503863646692002,
            0.7608050917484741,
            0.8694661216052327,
            0.8852031914755705,
            0.8739054801959342,
            0.8897205683490268,
            0.9932427730814903,
            1.0,
            0.9859259014425492,
            0.9748530925416858
        ],
        [
            0.6515891839858416,
            0.46787889851125486,
            0.3781219867772473,
            0.37173941210804434,
            0.5291391503100782,
            0.0,
            0.23660790524466388,
            0.326925963129863,
            0.43807333552403066,
            0.18116438598423235,
            0.3010664038751957,
            0.35303796120584513,
            0.4576743981245864,
            0.3437909938059825,
            0.4027472427128927,
            0.45197498278177917,
            0.5508395728878737,
            0.48118509452446306,
            0.5083086896240133,
            0.5329400980011337,
            0.5656786512153839
        ],
        [
            0.7630659245499721,
            0.5665568924721832,
            0.4792844123356568,
            0.4713831310849712,
            0.6038412615348998,
            0.23660790524466388,
            0.0,
            0.15921546385362745,
            0.3316498795606577,
            0.27108092671626527,
            0.1700488194639833,
            0.22186537179813187,
            0.3614363283097386,
            0.38397992253245367,
            0.31164311786050364,
            0.3539813962564472,
            0.46482799767956795,
            0.49389320366590705,
            0.44794679972715673,
            0.46951275389689034,
            0.5169113166390632
        ],
        [
            0.7038454378508232,
            0.4965756878083851,
            0.4279061835359375,
            0.45859331752805516,
            0.6217001210585319,
            0.326925963129863,
            0.15921546385362745,
            0.0,
            0.17749525513066786,
            0.38109414548464,
            0.2381492108914645,
            0.15749258085930995,
            0.22557533874012728,
            0.44427598194328266,
            0.3343699058909088,
            0.29099844123638463,
            0.3460441817098343,
            0.5153088159474569,
            0.4491525717678379,
            0.42445117629161494,
            0.43888840110655986
        ],
        [
            0.630578628240882,
            0.41556590960158646,
            0.37620670066455886,
            0.4547465727123293,
            0.6460113628269771,
            0.43807333552403066,
            0.3316498795606577,
            0.17749525513066786,
            0.0,
            0.512635826525774,
            0.3870878417317774,
            0.24400915538270676,
            0.14313130610099448,
            0.5445347879370487,
            0.4400937685776279,
            0.3229656875416979,
            0.27392626337057757,
            0.5820434379341701,
            0.5183816073399056,
            0.44637199977349273,
            0.40950347638259743
        ],
        [
            0.6809388070164814,
            0.5585376638888253,
            0.5273489825554745,
            0.5503423346755616,
            0.7060435961359244,
            0.18116438598423235,
            0.27108092671626527,
            0.38109414548464,
            0.512635826525774,
            0.0,
            0.22726275554591133,
            0.33805266082419905,
            0.4863389049029002,
            0.19262656246324586,
            0.2912938290824141,
            0.40101407819769536,
            0.5454613426887209,
            0.347051871407647,
            0.3856660180845949,
            0.45005227090934036,
            0.5176142991492958
        ],
        [
            0.7310025040593268,
            0.5901793534073487,
            0.5646446428681041,
            0.6004810117661272,
            0.7595862547017506,
            0.3010664038751957,
            0.1700488194639833,
            0.2381492108914645,
            0.3870878417317774,
            0.22726275554591133,
            0.0,
            0.1668687669564819,
            0.34997823244883935,
            0.25635887374371724,
            0.14666609852509688,
            0.24767225092314085,
            0.4078583127187674,
            0.3459736451107131,
            0.28699261742968796,
            0.3360473166962756,
            0.41453240660930063
        ],
        [
            0.6418389777441375,
            0.49077068937990287,
            0.48890466884580536,
            0.5615496051630664,
            0.7503863646692002,
            0.35303796120584513,
            0.22186537179813187,
            0.15749258085930995,
            0.24400915538270676,
            0.33805266082419905,
            0.1668687669564819,
            0.0,
            0.1841067231267907,
            0.3321696868809069,
            0.19713335016400454,
            0.13918667082981562,
            0.2525333588111992,
            0.3723141199995771,
            0.2951162408551922,
            0.2694170271879885,
            0.30329079211528726
        ],
        [
            0.5655176605250728,
            0.4064807899002175,
            0.4369303854074797,
            0.549558622766003,
            0.7608050917484741,
            0.4576743981245864,
            0.3614363283097386,
            0.22557533874012728,
            0.14313130610099448,
            0.4863389049029002,
            0.34997823244883935,
            0.1841067231267907,
            0.0,
            0.4672148303196026,
            0.3545761918702297,
            0.2029629429489814,
            0.13557227703679273,
            0.47226817096650997,
            0.40304833586736205,
            0.3128959361185669,
            0.2676467687823594
        ],
        [
            0.6186649960378632,
            0.5669944937498219,
            0.6073147991788614,
            0.6813166249319481,
            0.8694661216052327,
            0.3437909938059825,
            0.38397992253245367,
            0.44427598194328266,
            0.5445347879370487,
            0.19262656246324586,
            0.25635887374371724,
            0.3321696868809069,
            0.4672148303196026,
            0.0,
            0.20658724330597864,
            0.3215887576853542,
            0.47653624035554354,
            0.15694805091993014,
            0.23148038451567238,
            0.31286703491703166,
            0.3971215562140384
        ],
        [
            0.6931936979994651,
            0.6052801603870496,
            0.6318279981519246,
            0.7029392657365192,
            0.8852031914755705,
            0.4027472427128927,
            0.31164311786050364,
            0.3343699058909088,
            0.4400937685776279,
            0.2912938290824141,
            0.14666609852509688,
            0.19713335016400454,
            0.3545761918702297,
            0.20658724330597864,
            0.0,
            0.17806690066367767,
            0.3607083482671059,
            0.23042596059975076,
            0.14149623835717282,
            0.21403387671445714,
            0.31939028905935174
        ],
        [
            0.6019330424747884,
            0.5092174850595889,
            0.5634616237807211,
            0.6676906520216027,
            0.8739054801959342,
            0.45197498278177917,
            0.3539813962564472,
            0.29099844123638463,
            0.3229656875416979,
            0.40101407819769536,
            0.24767225092314085,
            0.13918667082981562,
            0.2029629429489814,
            0.3215887576853542,
            0.17806690066367767,
            0.0,
            0.18289652273466392,
            0.29900655293053613,
            0.2026894334010998,
            0.13622677686107115,
            0.17945215857649321
        ],
        [
            0.5423259249246121,
            0.450384402014551,
            0.5346072359361326,
            0.6685617528905008,
            0.8897205683490268,
            0.5508395728878737,
            0.46482799767956795,
            0.3460441817098343,
            0.27392626337057757,
            0.5454613426887209,
            0.4078583127187674,
            0.2525333588111992,
            0.13557227703679273,
            0.47653624035554354,
            0.3607083482671059,
            0.18289652273466392,
            0.0,
            0.43615469592806244,
            0.36000042704264607,
            0.23934118647111674,
            0.1617687604183394
        ],
        [
            0.5884270910764944,
            0.5929372659046821,
            0.680785987046413,
            0.7859321315872629,
            0.9932427730814903,
            0.48118509452446306,
            0.49389320366590705,
            0.5153088159474569,
            0.5820434379341701,
            0.347051871407647,
            0.3459736451107131,
            0.3723141199995771,
            0.47226817096650997,
            0.15694805091993014,
            0.23042596059975076,
            0.29900655293053613,
            0.43615469592806244,
            0.0,
            0.1513725545708135,
            0.22448359017895025,
            0.31351578243993167
        ],
        [
            0.6608479178762566,
            0.630021488853829,
            0.7013890640491572,
            0.7997817285178466,
            1.0,
            0.5083086896240133,
            0.44794679972715673,
            0.4491525717678379,
            0.5183816073399056,
            0.3856660180845949,
            0.28699261742968796,
            0.2951162408551922,
            0.40304833586736205,
            0.23148038451567238,
            0.14149623835717282,
            0.2026894334010998,
            0.36000042704264607,
            0.1513725545708135,
            0.0,
            0.13612059351439829,
            0.2609725714760062
        ],
        [
            0.5811677614021531,
            0.5537823297398027,
            0.6480771297195386,
            0.7694289135166816,
            0.9859259014425492,
            0.5329400980011337,
            0.46951275389689034,
            0.42445117629161494,
            0.44637199977349273,
            0.45005227090934036,
            0.3360473166962756,
            0.2694170271879885,
            0.3128959361185669,
            0.31286703491703166,
            0.21403387671445714,
            0.13622677686107115,
            0.23934118647111674,
            0.22448359017895025,
            0.13612059351439829,
            0.0,
            0.1273028661363316
        ],
        [
            0.4971405920228909,
            0.4796833251016941,
            0.600685233986776,
            0.744478386972687,
            0.9748530925416858,
            0.5656786512153839,
            0.5169113166390632,
            0.43888840110655986,
            0.40950347638259743,
            0.5176142991492958,
            0.41453240660930063,
            0.30329079211528726,
            0.2676467687823594,
            0.3971215562140384,
            0.31939028905935174,
            0.17945215857649321,
            0.1617687604183394,
            0.31351578243993167,
            0.2609725714760062,
            0.1273028661363316,
            0.0
        ]
    ]
}