{
 "0": [
  [
   0.0,
   0.29206476384002417,
   0.4904628370278828,
   0.6679334302626294,
   0.9191152469672897,
   0.6861454832895505,
   0.822835762047253,
   0.8894812784429723,
   1.0,
   0.7178527759315467,
   0.7523884997595859,
   0.643378088486388,
   0.4796521881972607,
   0.6528683157746754,
   0.6635127077026232,
   0.5158901952280697,
   0.35218503454522576,
   0.6212587819507467,
   0.609327436784892,
   0.48538196151101365,
   0.3604547114188867
  ],
  [
   0.29206476384002417,
   0.0,
   0.2335882865010366,
   0.4365023231449802,
   0.7083621714900891,
   0.49267628229902893,
   0.6201860560086385,
   0.6880423544894207,
   0.7993137920716314,
   0.5885098814356999,
   0.5865249040095306,
   0.4663236901407155,
   0.2868323587449828,
   0.5977166371254686,
   0.5558471059963576,
   0.4012837030481123,
   0.24029597627232732,
   0.6251680789940186,
   0.5710857268815017,
   0.4495613294656692,
   0.3688833092963162
  ],
  [
   0.4904628370278828,
   0.2335882865010366,
   0.0,
   0.2055298651507918,
   0.4794302214796503,
   0.39811158108273453,
   0.4409181039145132,
   0.4782069142226356,
   0.5745328721896605,
   0.5048869417363203,
   0.42218853749114016,
   0.2819183712417966,
   0.15955074359262178,
   0.5419465138051166,
   0.4291064293853881,
   0.28747716380155547,
   0.23962359975931224,
   0.5885669671944912,
   0.49154998130504074,
   0.39268617181443044,
   0.3896237011469855
  ],
  [
   0.6679334302626294,
   0.4365023231449802,
   0.2055298651507918,
   0.0,
   0.2740132671524329,
   0.41054087406805906,
   0.32827238653780694,
   0.30400972757292866,
   0.3719848765235476,
   0.49216244900077427,
   0.3206438562630115,
   0.17927761228904066,
   0.23221168788814214,
   0.5384446568865152,
   0.36523314848095007,
   0.28165007832542543,
   0.35815323075438926,
   0.5905060184245694,
   0.4643625483498742,
   0.4088691881298371,
   0.47201501700638737
  ],
  [
   0.9191152469672897,
   0.7083621714900891,
   0.4794302214796503,
   0.2740132671524329,
   0.0,
   0.5573070431212085,
   0.3478386860124286,
   0.1995646519722793,
   0.11372489620415266,
   0.5912921694470945,
   0.3582566837644939,
   0.3105037028341076,
   0.4688657290541278,
   0.6366110895693418,
   0.4346265901146716,
   0.4470856539777124,
   0.5903587301927739,
   0.685262741754152,
   0.5489009573649362,
   0.5536802420683786,
   0.6629433788703709
  ],
  [
   0.6861454832895505,
   0.49267628229902893,
   0.39811158108273453,
   0.41054087406805906,
   0.5573070431212085,
   0.0,
   0.25021722113885125,
   0.40924274509273295,
   0.5900246095754128,
   0.19027778380740087,
   0.283398497415561,
   0.3457712668148601,
   0.3084422350083465,
   0.36103060221968014,
   0.37386072207189835,
   0.4105108481148268,
   0.39443618928222146,
   0.5055876666270825,
   0.4905114545161736,
   0.49264629424392625,
   0.4795406080867973
  ],
  [
   0.822835762047253,
   0.6201860560086385,
   0.4409181039145132,
   0.32827238653780694,
   0.3478386860124286,
   0.25021722113885125,
   0.0,
   0.16806772942912593,
   0.35325843178926897,
   0.2736855476606156,
   0.13407225977303364,
   0.2515196232135518,
   0.35627766292071433,
   0.39842295976860415,
   0.29861343923990413,
   0.3883338184697665,
   0.4779031008358994,
   0.5189521409873388,
   0.4520889661377368,
   0.48796375824007493,
   0.5470278100606176
  ],
  [
   0.8894812784429723,
   0.6880423544894207,
   0.4782069142226356,
   0.30400972757292866,
   0.1995646519722793,
   0.40924274509273295,
   0.16806772942912593,
   0.0,
   0.1864544881037692,
   0.4167945477893524,
   0.19571360479889302,
   0.25117903920499435,
   0.4152276775957756,
   0.48861932234737343,
   0.32307973671383217,
   0.4034002257284698,
   0.539131957812998,
   0.570863311477538,
   0.4668256642900908,
   0.5049380905125639,
   0.6002769731509536
  ],
  [
   1.0,
   0.7993137920716314,
   0.5745328721896605,
   0.3719848765235476,
   0.11372489620415266,
   0.5900246095754128,
   0.35325843178926897,
   0.1864544881037692,
   0.0,
   0.5986586957987957,
   0.36595090406670927,
   0.36757970863604983,
   0.5418675142164655,
   0.6437076942170733,
   0.4509207419861147,
   0.5053747065954568,
   0.6608759873639327,
   0.6956543389366211,
   0.5687858551984531,
   0.600779451839327,
   0.7175794007257474
  ],
  [
   0.7178527759315467,
   0.5885098814356999,
   0.5048869417363203,
   0.49216244900077427,
   0.5912921694470945,
   0.19027778380740087,
   0.2736855476606156,
   0.4167945477893524,
   0.5986586957987957,
   0.0,
   0.24081401077530276,
   0.35947864043305783,
   0.3677054569934442,
   0.20228557936847114,
   0.2876999775612412,
   0.3957071989938389,
   0.4198444741740651,
   0.3647214517911336,
   0.3875449987831698,
   0.4390521607389878,
   0.441372427356875
  ],
  [
   0.7523884997595859,
   0.5865249040095306,
   0.42218853749114016,
   0.3206438562630115,
   0.3582566837644939,
   0.283398497415561,
   0.13407225977303364,
   0.19571360479889302,
   0.36595090406670927,
   0.24081401077530276,
   0.0,
   0.17701875270615347,
   0.3036342592545936,
   0.2964738048183778,
   0.16578702359192252,
   0.28600780839547296,
   0.4030828088163469,
   0.39528645438970667,
   0.31967287158502794,
   0.3692531420986753,
   0.4431473528501697
  ],
  [
   0.643378088486388,
   0.4663236901407155,
   0.2819183712417966,
   0.17927761228904066,
   0.3105037028341076,
   0.3457712668148601,
   0.2515196232135518,
   0.25117903920499435,
   0.36757970863604983,
   0.35947864043305783,
   0.17701875270615347,
   0.0,
   0.18669667495890654,
   0.3710845254128391,
   0.18604866118009522,
   0.16009405993199446,
   0.2958790247392142,
   0.4207555889388919,
   0.2987068356708232,
   0.27992648483405513,
   0.363897460718333
  ],
  [
   0.4796521881972607,
   0.2868323587449828,
   0.15955074359262178,
   0.23221168788814214,
   0.4688657290541278,
   0.3084422350083465,
   0.35627766292071433,
   0.4152276775957756,
   0.5418675142164655,
   0.3677054569934442,
   0.3036342592545936,
   0.18669667495890654,
   0.0,
   0.38292117828945055,
   0.28563375005461145,
   0.16584197242726806,
   0.14237094255067734,
   0.43400775634554706,
   0.34896307763362056,
   0.2698082773180343,
   0.27217272825853606
  ],
  [
   0.6528683157746754,
   0.5977166371254686,
   0.5419465138051166,
   0.5384446568865152,
   0.6366110895693418,
   0.36103060221968014,
   0.39842295976860415,
   0.48861932234737343,
   0.6437076942170733,
   0.20228557936847114,
   0.2964738048183778,
   0.3710845254128391,
   0.38292117828945055,
   0.0,
   0.21900449439097963,
   0.33550703201031534,
   0.37992872303243846,
   0.16508229827181062,
   0.23611713851789212,
   0.31766231913476156,
   0.3279966848617898
  ],
  [
   0.6635127077026232,
   0.5558471059963576,
   0.4291064293853881,
   0.36523314848095007,
   0.4346265901146716,
   0.37386072207189835,
   0.29861343923990413,
   0.32307973671383217,
   0.4509207419861147,
   0.2876999775612412,
   0.16578702359192252,
   0.18604866118009522,
   0.28563375005461145,
   0.21900449439097963,
   0.0,
   0.18840297540300893,
   0.33140601180632473,
   0.2545366244428507,
   0.1540614744806371,
   0.224489540054747,
   0.3195626775210399
  ],
  [
   0.5158901952280697,
   0.4012837030481123,
   0.28747716380155547,
   0.28165007832542543,
   0.4470856539777124,
   0.4105108481148268,
   0.3883338184697665,
   0.4034002257284698,
   0.5053747065954568,
   0.3957071989938389,
   0.28600780839547296,
   0.16009405993199446,
   0.16584197242726806,
   0.33550703201031534,
   0.18840297540300893,
   0.0,
   0.18715500612298303,
   0.33306366307460866,
   0.2084742385468484,
   0.12941495456237992,
   0.21627371162118433
  ],
  [
   0.35218503454522576,
   0.24029597627232732,
   0.23962359975931224,
   0.35815323075438926,
   0.5903587301927739,
   0.39443618928222146,
   0.4779031008358994,
   0.539131957812998,
   0.6608759873639327,
   0.4198444741740651,
   0.4030828088163469,
   0.2958790247392142,
   0.14237094255067734,
   0.37992872303243846,
   0.33140601180632473,
   0.18715500612298303,
   0.0,
   0.39182797587735896,
   0.3317715919146983,
   0.2200851976016626,
   0.15678680902317718
  ],
  [
   0.6212587819507467,
   0.6251680789940186,
   0.5885669671944912,
   0.5905060184245694,
   0.685262741754152,
   0.5055876666270825,
   0.5189521409873388,
   0.570863311477538,
   0.6956543389366211,
   0.3647214517911336,
   0.39528645438970667,
   0.4207555889388919,
   0.43400775634554706,
   0.16508229827181062,
   0.2545366244428507,
   0.33306366307460866,
   0.39182797587735896,
   0.0,
   0.16071562718268906,
   0.25504963646647644,
   0.28074075978519686
  ],
  [
   0.609327436784892,
   0.5710857268815017,
   0.49154998130504074,
   0.4643625483498742,
   0.5489009573649362,
   0.4905114545161736,
   0.4520889661377368,
   0.4668256642900908,
   0.5687858551984531,
   0.3875449987831698,
   0.31967287158502794,
   0.2987068356708232,
   0.34896307763362056,
   0.23611713851789212,
   0.1540614744806371,
   0.2084742385468484,
   0.3317715919146983,
   0.16071562718268906,
   0.0,
   0.14404785274141685,
   0.250593199135287
  ],
  [
   0.48538196151101365,
   0.4495613294656692,
   0.39268617181443044,
   0.4088691881298371,
   0.5536802420683786,
   0.49264629424392625,
   0.48796375824007493,
   0.5049380905125639,
   0.600779451839327,
   0.4390521607389878,
   0.3692531420986753,
   0.27992648483405513,
   0.2698082773180343,
   0.31766231913476156,
   0.224489540054747,
   0.12941495456237992,
   0.2200851976016626,
   0.25504963646647644,
   0.14404785274141685,
   0.0,
   0.14778083690032673
  ],
  [
   0.3604547114188867,
   0.3688833092963162,
   0.3896237011469855,
   0.47201501700638737,
   0.6629433788703709,
   0.4795406080867973,
   0.5470278100606176,
   0.6002769731509536,
   0.7175794007257474,
   0.441372427356875,
   0.4431473528501697,
   0.363897460718333,
   0.27217272825853606,
   0.3279966848617898,
   0.3195626775210399,
   0.21627371162118433,
   0.15678680902317718,
   0.28074075978519686,
   0.250593199135287,
   0.14778083690032673,
   0.0
  ]
 ]
}