{
 "4": [
  [
   0.0,
   0.3106131687957112,
   0.5345553955628224,
   0.7319216392787279,
   0.932861362340101,
   0.7297464116997652,
   0.9594791670676478,
   1.0,
   0.9881861079684191,
   0.7626133868349241,
   0.7939083964104058,
   0.6756351639957487,
   0.5222475448089121,
   0.6928815565051368,
   0.738578031607367,
   0.5833046345191328,
   0.4192249225320248,
   0.6586292363766055,
   0.7076569725352365,
   0.5829295154084094,
   0.46280943488259596
  ],
  [
   0.3106131687957112,
   0.0,
   0.24659528988246046,
   0.4604574618509621,
   0.6978378633148302,
   0.5229907723240239,
   0.7509632935013536,
   0.7804083108916433,
   0.7522729246265848,
   0.6240749139247163,
   0.6156447860421828,
   0.4873081189218792,
   0.3086508984979858,
   0.6333346711622617,
   0.6180633031016193,
   0.4602873795383639,
   0.28812504304234443,
   0.6621508300426393,
   0.6546792426606163,
   0.5332904214733759,
   0.4384790027609483
  ],
  [
   0.5345553955628224,
   0.24659528988246046,
   0.0,
   0.21562748750023863,
   0.46503290587437607,
   0.3917478981422347,
   0.570417809011468,
   0.5696966784708672,
   0.5204939182899639,
   0.5207983151134604,
   0.4435304434764808,
   0.31311539285968226,
   0.16437775747362204,
   0.5775057831772322,
   0.4924753540047685,
   0.3596423302533739,
   0.2666500348751423,
   0.6399947029218258,
   0.5792643785272376,
   0.48146498026171614,
   0.43949604789595603
  ],
  [
   0.7319216392787279,
   0.4604574618509621,
   0.21562748750023863,
   0.0,
   0.262532225410518,
   0.36489883179843147,
   0.44276516929993387,
   0.39549491947014614,
   0.31619448219370516,
   0.4871506526198977,
   0.33420886179055653,
   0.2383341653114996,
   0.23540607174550698,
   0.5767854095727764,
   0.4316175889150489,
   0.36189936068762263,
   0.37572030461178,
   0.6601645570621197,
   0.55780932375739,
   0.5000246081329897,
   0.5111738698118886
  ],
  [
   0.932861362340101,
   0.6978378633148302,
   0.46503290587437607,
   0.262532225410518,
   0.0,
   0.48684724544167285,
   0.41716445962591403,
   0.2789966595794438,
   0.1223863136232735,
   0.5349437969974457,
   0.301696376470708,
   0.28335282235714215,
   0.41137256838823155,
   0.6079519903864097,
   0.40445269659533506,
   0.41951520030422296,
   0.5317627767562212,
   0.6819216427709792,
   0.538336130950893,
   0.5332972977280362,
   0.6030272767512801
  ],
  [
   0.7297464116997652,
   0.5229907723240239,
   0.3917478981422347,
   0.36489883179843147,
   0.48684724544167285,
   0.0,
   0.25796894183174063,
   0.3661729381607533,
   0.4465180544042385,
   0.2019957020454055,
   0.29282020901129396,
   0.35462104995342897,
   0.3779657385302329,
   0.38332690144939235,
   0.387747986370037,
   0.41790252792767296,
   0.39866051834005684,
   0.5367824303451266,
   0.5117888094974858,
   0.5045172571027213,
   0.4792544708932274
  ],
  [
   0.9594791670676478,
   0.7509632935013536,
   0.570417809011468,
   0.44276516929993387,
   0.41716445962591403,
   0.25796894183174063,
   0.0,
   0.1689403811243821,
   0.3210743650191957,
   0.2683706164710789,
   0.2652567057982958,
   0.41560174289423285,
   0.5292367545248361,
   0.4528896399274393,
   0.39837722829353267,
   0.5128724390676777,
   0.5774145690665631,
   0.6100929480148993,
   0.5453079520399992,
   0.5916812123076401,
   0.6207817024352379
  ],
  [
   1.0,
   0.7804083108916433,
   0.5696966784708672,
   0.39549491947014614,
   0.2789966595794438,
   0.3661729381607533,
   0.1689403811243821,
   0.0,
   0.16819772689419182,
   0.37550822103480264,
   0.23592298016694585,
   0.3690296560775158,
   0.5149354645011459,
   0.5102183590137845,
   0.3775669426674094,
   0.4884091428326499,
   0.5910835451752529,
   0.6375515230716022,
   0.5309943885027095,
   0.5768768588411032,
   0.6346229458802861
  ],
  [
   0.9881861079684191,
   0.7522729246265848,
   0.5204939182899639,
   0.31619448219370516,
   0.1223863136232735,
   0.4465180544042385,
   0.3210743650191957,
   0.16819772689419182,
   0.0,
   0.486612808076474,
   0.2772059682023833,
   0.32952828002055184,
   0.47121998600914006,
   0.5892149245526831,
   0.406328936773879,
   0.46703106296277813,
   0.5782483608291591,
   0.6873035186926052,
   0.554156095400547,
   0.5732610906039484,
   0.6407433737323266
  ],
  [
   0.7626133868349241,
   0.6240749139247163,
   0.5207983151134604,
   0.4871506526198977,
   0.5349437969974457,
   0.2019957020454055,
   0.2683706164710789,
   0.37550822103480264,
   0.486612808076474,
   0.0,
   0.25091720960341785,
   0.3691965131783061,
   0.44368234056222183,
   0.21478024753606714,
   0.28627741507810095,
   0.38804663478965556,
   0.4195825278398841,
   0.38722736671804614,
   0.3844250588736022,
   0.4245576234260697,
   0.4202619050405841
  ],
  [
   0.7939083964104058,
   0.6156447860421828,
   0.4435304434764808,
   0.33420886179055653,
   0.301696376470708,
   0.29282020901129396,
   0.2652567057982958,
   0.23592298016694585,
   0.2772059682023833,
   0.25091720960341785,
   0.0,
   0.180330304482585,
   0.3376605023068143,
   0.31340202003730183,
   0.15501400901571621,
   0.2631873217657353,
   0.3798785438626017,
   0.4201137121673828,
   0.3131184589883931,
   0.34393125704203537,
   0.400202512516281
  ],
  [
   0.6756351639957487,
   0.4873081189218792,
   0.31311539285968226,
   0.2383341653114996,
   0.28335282235714215,
   0.35462104995342897,
   0.41560174289423285,
   0.3690296560775158,
   0.32952828002055184,
   0.3691965131783061,
   0.180330304482585,
   0.0,
   0.18239658451106638,
   0.3829655177884656,
   0.20752447408899224,
   0.14661829582970706,
   0.25987942279545245,
   0.43876590723338915,
   0.3211907511148525,
   0.2763349475609197,
   0.32272201572271575
  ],
  [
   0.5222475448089121,
   0.3086508984979858,
   0.16437775747362204,
   0.23540607174550698,
   0.41137256838823155,
   0.3779657385302329,
   0.5292367545248361,
   0.5149354645011459,
   0.47121998600914006,
   0.44368234056222183,
   0.3376605023068143,
   0.18239658451106638,
   0.0,
   0.4536739613065933,
   0.34904174201703836,
   0.1966981080308119,
   0.14863968194337338,
   0.494662146852226,
   0.4210082103554901,
   0.32037025050578266,
   0.29815993356491594
  ],
  [
   0.6928815565051368,
   0.6333346711622617,
   0.5775057831772322,
   0.5767854095727764,
   0.6079519903864097,
   0.38332690144939235,
   0.4528896399274393,
   0.5102183590137845,
   0.5892149245526831,
   0.21478024753606714,
   0.31340202003730183,
   0.3829655177884656,
   0.4536739613065933,
   0.0,
   0.22703086693793822,
   0.3232849761244211,
   0.3784359617775561,
   0.17525895668937883,
   0.22548501084212139,
   0.28586166759587217,
   0.29013139678252764
  ],
  [
   0.738578031607367,
   0.6180633031016193,
   0.4924753540047685,
   0.4316175889150489,
   0.40445269659533506,
   0.387747986370037,
   0.39837722829353267,
   0.3775669426674094,
   0.406328936773879,
   0.28627741507810095,
   0.15501400901571621,
   0.20752447408899224,
   0.34904174201703836,
   0.22703086693793822,
   0.0,
   0.1916679646573422,
   0.3415281711538888,
   0.2820952434162973,
   0.1581867356510602,
   0.21377753554060347,
   0.2958831789552371
  ],
  [
   0.5833046345191328,
   0.4602873795383639,
   0.3596423302533739,
   0.36189936068762263,
   0.41951520030422296,
   0.41790252792767296,
   0.5128724390676777,
   0.4884091428326499,
   0.46703106296277813,
   0.38804663478965556,
   0.2631873217657353,
   0.14661829582970706,
   0.1966981080308119,
   0.3232849761244211,
   0.1916679646573422,
   0.0,
   0.18430623725079248,
   0.3289168219709091,
   0.22857535963975312,
   0.13832662694037878,
   0.18605675594517848
  ],
  [
   0.4192249225320248,
   0.28812504304234443,
   0.2666500348751423,
   0.37572030461178,
   0.5317627767562212,
   0.39866051834005684,
   0.5774145690665631,
   0.5910835451752529,
   0.5782483608291591,
   0.4195825278398841,
   0.3798785438626017,
   0.25987942279545245,
   0.14863968194337338,
   0.3784359617775561,
   0.3415281711538888,
   0.18430623725079248,
   0.0,
   0.3953324388827831,
   0.3669922625451174,
   0.25126075360863787,
   0.17581573129817585
  ],
  [
   0.6586292363766055,
   0.6621508300426393,
   0.6399947029218258,
   0.6601645570621197,
   0.6819216427709792,
   0.5367824303451266,
   0.6100929480148993,
   0.6375515230716022,
   0.6873035186926052,
   0.38722736671804614,
   0.4201137121673828,
   0.43876590723338915,
   0.494662146852226,
   0.17525895668937883,
   0.2820952434162973,
   0.3289168219709091,
   0.3953324388827831,
   0.0,
   0.16796075024820117,
   0.22195235297092278,
   0.24062125702364134
  ],
  [
   0.7076569725352365,
   0.6546792426606163,
   0.5792643785272376,
   0.55780932375739,
   0.538336130950893,
   0.5117888094974858,
   0.5453079520399992,
   0.5309943885027095,
   0.554156095400547,
   0.3844250588736022,
   0.3131184589883931,
   0.3211907511148525,
   0.4210082103554901,
   0.22548501084212139,
   0.1581867356510602,
   0.22857535963975312,
   0.3669922625451174,
   0.16796075024820117,
   0.0,
   0.14252731676306213,
   0.2455040637151168
  ],
  [
   0.5829295154084094,
   0.5332904214733759,
   0.48146498026171614,
   0.5000246081329897,
   0.5332972977280362,
   0.5045172571027213,
   0.5916812123076401,
   0.5768768588411032,
   0.5732610906039484,
   0.4245576234260697,
   0.34393125704203537,
   0.2763349475609197,
   0.32037025050578266,
   0.28586166759587217,
   0.21377753554060347,
   0.13832662694037878,
   0.25126075360863787,
   0.22195235297092278,
   0.14252731676306213,
   0.0,
   0.1320899441909817
  ],
  [
   0.46280943488259596,
   0.4384790027609483,
   0.43949604789595603,
   0.5111738698118886,
   0.6030272767512801,
   0.4792544708932274,
   0.6207817024352379,
   0.6346229458802861,
   0.6407433737323266,
   0.4202619050405841,
   0.400202512516281,
   0.32272201572271575,
   0.29815993356491594,
   0.29013139678252764,
   0.2958831789552371,
   0.18605675594517848,
   0.17581573129817585,
   0.24062125702364134,
   0.2455040637151168,
   0.1320899441909817,
   0.0
  ]
 ]
}