{
 "12": [
  [
   0.0,
   0.2384964997677732,
   0.4029643863927386,
   0.5542655316519105,
   0.769013731079315,
   0.5611065396412608,
   0.7485165631404195,
   0.8681564486070478,
   1.0,
   0.5874269951348841,
   0.7003724450352139,
   0.7936709848994399,
   0.9015892300191771,
   0.5345449516232308,
   0.6547152277870736,
   0.6065588102438755,
   0.47072239171329844,
   0.5085458224729178,
   0.5619451992595873,
   0.5285219760583559,
   0.43367397084887266
  ],
  [
   0.2384964997677732,
   0.0,
   0.19132069511040814,
   0.35872653827558576,
   0.5801146868624697,
   0.40300287609346613,
   0.5872257874918949,
   0.7021849046648968,
   0.8295101295676574,
   0.4816479766999814,
   0.5736145190714405,
   0.6583779231806143,
   0.7627121263753569,
   0.4892366475806891,
   0.5698303516114269,
   0.5058451175988536,
   0.37414863527319925,
   0.5115711519457355,
   0.5230484917567878,
   0.47526579151423065,
   0.3906476061262324
  ],
  [
   0.4029643863927386,
   0.19132069511040814,
   0.0,
   0.16829118898838505,
   0.39033266362716196,
   0.33508762710967,
   0.4731170477391523,
   0.5658213138362366,
   0.6752153265923928,
   0.4242213229186244,
   0.4546591372215769,
   0.5109868647102437,
   0.5972517323697727,
   0.454866030606807,
   0.47397423047359866,
   0.38332634654632197,
   0.26823759965243277,
   0.49219536221101734,
   0.4563468053325828,
   0.39056379242284006,
   0.32648350931149894
  ],
  [
   0.5542655316519105,
   0.35872653827558576,
   0.16829118898838505,
   0.0,
   0.2241843803620748,
   0.35782931209740837,
   0.4202140833433539,
   0.4763884834722934,
   0.557145182057465,
   0.4327318624341422,
   0.3879882667642284,
   0.39997176115242244,
   0.45620341345348253,
   0.4736261127110767,
   0.42721717931378966,
   0.3135924527095134,
   0.24720906968740505,
   0.5156879378598989,
   0.4390324911619427,
   0.36278056899888306,
   0.3337232539592774
  ],
  [
   0.769013731079315,
   0.5801146868624697,
   0.39033266362716196,
   0.2241843803620748,
   0.0,
   0.4541189800901582,
   0.40649844316591727,
   0.392333328929917,
   0.41123587734423367,
   0.5032971253986974,
   0.37334138165584535,
   0.3091230532893803,
   0.2989653086709711,
   0.5593580336946089,
   0.44250247593189024,
   0.34032030067195496,
   0.3689104094954927,
   0.6102809874390658,
   0.501899651154285,
   0.4389444859463375,
   0.4609667265089974
  ],
  [
   0.5611065396412608,
   0.40300287609346613,
   0.33508762710967,
   0.35782931209740837,
   0.4541189800901582,
   0.0,
   0.20498064333120708,
   0.33966246132663447,
   0.489987501012709,
   0.15557252387234552,
   0.26926129039043467,
   0.39202361980311834,
   0.5395646871929478,
   0.29474906770314685,
   0.3332164118452243,
   0.3640583624704221,
   0.3670718855957623,
   0.4127355128827663,
   0.4034181815689595,
   0.4252507021779229,
   0.4432371438214998
  ],
  [
   0.7485165631404195,
   0.5872257874918949,
   0.4731170477391523,
   0.4202140833433539,
   0.40649844316591727,
   0.20498064333120708,
   0.0,
   0.1379204462854199,
   0.29269788108259553,
   0.21642334461624863,
   0.18309400153462466,
   0.27192874014990726,
   0.4144510044193784,
   0.3600999455486778,
   0.30406245961538675,
   0.36318680797196656,
   0.4396259763313003,
   0.4818584914953176,
   0.43552510604743383,
   0.4694933384907422,
   0.5277832644223435
  ],
  [
   0.8681564486070478,
   0.7021849046648968,
   0.5658213138362366,
   0.4763884834722934,
   0.392333328929917,
   0.33966246132663447,
   0.1379204462854199,
   0.0,
   0.155552499166642,
   0.3348754883789869,
   0.222689060901715,
   0.23616350458527832,
   0.34389118386189604,
   0.45436474715048175,
   0.3492365008918629,
   0.4021888184892871,
   0.5074321846114949,
   0.5636583058930149,
   0.49514948022748617,
   0.5249366306360705,
   0.5979350445789168
  ],
  [
   1.0,
   0.8295101295676574,
   0.6752153265923928,
   0.557145182057465,
   0.41123587734423367,
   0.489987501012709,
   0.29269788108259553,
   0.155552499166642,
   0.0,
   0.4808381350070492,
   0.3321206042712276,
   0.27399954517825037,
   0.3063699675331143,
   0.5805501613750064,
   0.44427683707623,
   0.48019736610375174,
   0.600521526392141,
   0.6750032081990018,
   0.588532423043022,
   0.609174981616963,
   0.6901156859929461
  ],
  [
   0.5874269951348841,
   0.4816479766999814,
   0.4242213229186244,
   0.4327318624341422,
   0.5032971253986974,
   0.15557252387234552,
   0.21642334461624863,
   0.3348754883789869,
   0.4808381350070492,
   0.0,
   0.19739878226082017,
   0.34183589286464566,
   0.5023213953031163,
   0.16496742445338303,
   0.22099860382127146,
   0.3085830918526308,
   0.3511947320010615,
   0.29757516715047383,
   0.30075633986141803,
   0.36146424476885347,
   0.41017052134402693
  ],
  [
   0.7003724450352139,
   0.5736145190714405,
   0.4546591372215769,
   0.3879882667642284,
   0.37334138165584535,
   0.26926129039043467,
   0.18309400153462466,
   0.222689060901715,
   0.3321206042712276,
   0.19739878226082017,
   0.0,
   0.145033559896773,
   0.30681656695208226,
   0.2548874131226988,
   0.13096941992401476,
   0.2031819603171399,
   0.31918140354695856,
   0.34716948686055904,
   0.27266523749260496,
   0.31286852456762804,
   0.39569433206646654
  ],
  [
   0.7936709848994399,
   0.6583779231806143,
   0.5109868647102437,
   0.39997176115242244,
   0.3091230532893803,
   0.39202361980311834,
   0.27192874014990726,
   0.23616350458527832,
   0.27399954517825037,
   0.34183589286464566,
   0.145033559896773,
   0.0,
   0.16231345014956952,
   0.3761903252992945,
   0.2083982832515014,
   0.21532456505627587,
   0.35520021178388445,
   0.4375947010517362,
   0.33041799360819707,
   0.3417000147301088,
   0.43273972204456634
  ],
  [
   0.9015892300191771,
   0.7627121263753569,
   0.5972517323697727,
   0.45620341345348253,
   0.2989653086709711,
   0.5395646871929478,
   0.4144510044193784,
   0.34389118386189604,
   0.3063699675331143,
   0.5023213953031163,
   0.30681656695208226,
   0.16231345014956952,
   0.0,
   0.5219169314716952,
   0.3465540081690469,
   0.30770988827259466,
   0.4367538859206342,
   0.5592575193650747,
   0.43634041585479766,
   0.42044545811748,
   0.5064987045777862
  ],
  [
   0.5345449516232308,
   0.4892366475806891,
   0.454866030606807,
   0.4736261127110767,
   0.5593580336946089,
   0.29474906770314685,
   0.3600999455486778,
   0.45436474715048175,
   0.5805501613750064,
   0.16496742445338303,
   0.2548874131226988,
   0.3761903252992945,
   0.5219169314716952,
   0.0,
   0.17963345432632982,
   0.26882297315188675,
   0.3022120132054973,
   0.13473409439248757,
   0.1772495220463368,
   0.2664518794710271,
   0.32241340228270154
  ],
  [
   0.6547152277870736,
   0.5698303516114269,
   0.47397423047359866,
   0.42721717931378966,
   0.44250247593189024,
   0.3332164118452243,
   0.30406245961538675,
   0.3492365008918629,
   0.44427683707623,
   0.22099860382127146,
   0.13096941992401476,
   0.2083982832515014,
   0.3465540081690469,
   0.17963345432632982,
   0.0,
   0.1543513753678011,
   0.27568293563682866,
   0.2346193596929531,
   0.1530072078192082,
   0.2237047111658686,
   0.3233651621829139
  ],
  [
   0.6065588102438755,
   0.5058451175988536,
   0.38332634654632197,
   0.3135924527095134,
   0.34032030067195496,
   0.3640583624704221,
   0.36318680797196656,
   0.4021888184892871,
   0.48019736610375174,
   0.3085830918526308,
   0.2031819603171399,
   0.21532456505627587,
   0.30770988827259466,
   0.26882297315188675,
   0.1543513753678011,
   0.0,
   0.1547595920992567,
   0.28317115265722714,
   0.16310032893933046,
   0.13041096643061845,
   0.2185273567823315
  ],
  [
   0.47072239171329844,
   0.37414863527319925,
   0.26823759965243277,
   0.24720906968740505,
   0.3689104094954927,
   0.3670718855957623,
   0.4396259763313003,
   0.5074321846114949,
   0.600521526392141,
   0.3511947320010615,
   0.31918140354695856,
   0.35520021178388445,
   0.4367538859206342,
   0.3022120132054973,
   0.27568293563682866,
   0.1547595920992567,
   0.0,
   0.2941705682443909,
   0.21573065661481236,
   0.12503122705856198,
   0.1023557696763364
  ],
  [
   0.5085458224729178,
   0.5115711519457355,
   0.49219536221101734,
   0.5156879378598989,
   0.6102809874390658,
   0.4127355128827663,
   0.4818584914953176,
   0.5636583058930149,
   0.6750032081990018,
   0.29757516715047383,
   0.34716948686055904,
   0.4375947010517362,
   0.5592575193650747,
   0.13473409439248757,
   0.2346193596929531,
   0.28317115265722714,
   0.2941705682443909,
   0.0,
   0.13155490945473672,
   0.2210082736149001,
   0.2708689476401559
  ],
  [
   0.5619451992595873,
   0.5230484917567878,
   0.4563468053325828,
   0.4390324911619427,
   0.501899651154285,
   0.4034181815689595,
   0.43552510604743383,
   0.49514948022748617,
   0.588532423043022,
   0.30075633986141803,
   0.27266523749260496,
   0.33041799360819707,
   0.43634041585479766,
   0.1772495220463368,
   0.1530072078192082,
   0.16310032893933046,
   0.21573065661481236,
   0.13155490945473672,
   0.0,
   0.11806833046244718,
   0.21378545526043594
  ],
  [
   0.5285219760583559,
   0.47526579151423065,
   0.39056379242284006,
   0.36278056899888306,
   0.4389444859463375,
   0.4252507021779229,
   0.4694933384907422,
   0.5249366306360705,
   0.609174981616963,
   0.36146424476885347,
   0.31286852456762804,
   0.3417000147301088,
   0.42044545811748,
   0.2664518794710271,
   0.2237047111658686,
   0.13041096643061845,
   0.12503122705856198,
   0.2210082736149001,
   0.11806833046244718,
   0.0,
   0.11667656419407636
  ],
  [
   0.43367397084887266,
   0.3906476061262324,
   0.32648350931149894,
   0.3337232539592774,
   0.4609667265089974,
   0.4432371438214998,
   0.5277832644223435,
   0.5979350445789168,
   0.6901156859929461,
   0.41017052134402693,
   0.39569433206646654,
   0.43273972204456634,
   0.5064987045777862,
   0.32241340228270154,
   0.3233651621829139,
   0.2185273567823315,
   0.1023557696763364,
   0.2708689476401559,
   0.21378545526043594,
   0.11667656419407636,
   0.0
  ]
 ]
}