{
 "17": [
  [
   0.0,
   0.3074496799956018,
   0.5277899829628016,
   0.7069482480134398,
   0.9078373620708223,
   0.7251693750288455,
   0.8608803937878958,
   0.9349384265646594,
   1.0,
   0.7634752384265914,
   0.8445336166760982,
   0.91934713258728,
   0.9958464538753696,
   0.7000299262406647,
   0.8077256927825743,
   0.8730964877239488,
   0.9162875246796668,
   0.6699381169595292,
   0.7401897261250634,
   0.7947479181753853,
   0.8408174520276055
  ],
  [
   0.3074496799956018,
   0.0,
   0.2443924676679898,
   0.4532030510855748,
   0.7061663520359515,
   0.5240546832210046,
   0.657928462800165,
   0.7344676669999441,
   0.7928609985815398,
   0.6313169854618678,
   0.6909551854950557,
   0.7601031446807511,
   0.8237445436109885,
   0.6458961608761113,
   0.7058546655702557,
   0.7520498280717831,
   0.7702031894096688,
   0.6769825651183062,
   0.6954492260249499,
   0.718803909376125,
   0.7352706823523809
  ],
  [
   0.5277899829628016,
   0.2443924676679898,
   0.0,
   0.2192045049863772,
   0.49447726090152866,
   0.36365891203682776,
   0.44935949068016057,
   0.5203527030612382,
   0.5807234984668734,
   0.5026248445388881,
   0.5167251042361053,
   0.5753296003686688,
   0.6350457635630224,
   0.5695963995869748,
   0.5720213655659506,
   0.5999526953725554,
   0.6088227665027488,
   0.6396633284877572,
   0.6105593472329501,
   0.6069946552578216,
   0.6056660451037015
  ],
  [
   0.7069482480134398,
   0.4532030510855748,
   0.2192045049863772,
   0.0,
   0.28665425398288036,
   0.34281590373572296,
   0.28778713205660394,
   0.31596675866547824,
   0.36843894127923554,
   0.4543035712213905,
   0.37412340523801796,
   0.3934601965953035,
   0.43888431840328174,
   0.5372252267683187,
   0.45898176819273984,
   0.4469295385629443,
   0.440074762967633,
   0.6185068538914437,
   0.5377324841155434,
   0.4969215250155055,
   0.47031787084975646
  ],
  [
   0.9078373620708223,
   0.7061663520359515,
   0.49447726090152866,
   0.28665425398288036,
   0.0,
   0.4599376189739171,
   0.21906736667304985,
   0.06793174590204708,
   0.14254958134579288,
   0.46612063921807523,
   0.2446512743332156,
   0.1479193134745788,
   0.1944085366469878,
   0.5185177014128466,
   0.33352876526875447,
   0.24965927791505432,
   0.2521984675454309,
   0.5874465057261653,
   0.44991503926328996,
   0.36285600559490555,
   0.31722078389883573
  ],
  [
   0.7251693750288455,
   0.5240546832210046,
   0.36365891203682776,
   0.34281590373572296,
   0.4599376189739171,
   0.0,
   0.26665776363939336,
   0.43514298958032793,
   0.5932129074651197,
   0.2055895869833339,
   0.34400075718337786,
   0.49637487354355564,
   0.644969789813619,
   0.3859255687472021,
   0.4379134122103186,
   0.5561669291749287,
   0.6580362194311505,
   0.5374455682054182,
   0.5279593817209888,
   0.5743329909065497,
   0.6421295572967589
  ],
  [
   0.8608803937878958,
   0.657928462800165,
   0.44935949068016057,
   0.28778713205660394,
   0.21906736667304985,
   0.26665776363939336,
   0.0,
   0.17647298931123895,
   0.35394105770084144,
   0.27647369581137743,
   0.15557366992307706,
   0.25599079407068837,
   0.40325479310362955,
   0.40096593152397486,
   0.2993276589079866,
   0.35262809550737406,
   0.4444885359347777,
   0.5260707696576379,
   0.43661356771065957,
   0.4232335881739728,
   0.45845179355487764
  ],
  [
   0.9349384265646594,
   0.7344676669999441,
   0.5203527030612382,
   0.31596675866547824,
   0.06793174590204708,
   0.43514298958032793,
   0.17647298931123895,
   0.0,
   0.18720079360480182,
   0.4302090718929027,
   0.20807516896137634,
   0.14137958826128863,
   0.23530767187087628,
   0.49762512913657336,
   0.31638562902890416,
   0.26272532765638945,
   0.3022597102150852,
   0.5810227140396014,
   0.4482544010779826,
   0.37616937665093314,
   0.35545874090001
  ],
  [
   1.0,
   0.7928609985815398,
   0.5807234984668734,
   0.36843894127923554,
   0.14254958134579288,
   0.5932129074651197,
   0.35394105770084144,
   0.18720079360480182,
   0.0,
   0.608375577422374,
   0.37924931780766624,
   0.23535717608109688,
   0.13153842312234726,
   0.6516117276946778,
   0.4504376875117678,
   0.3148049731410446,
   0.2256605180277675,
   0.7030925946312432,
   0.553033513795385,
   0.4384931508436458,
   0.34185044380707386
  ],
  [
   0.7634752384265914,
   0.6313169854618678,
   0.5026248445388881,
   0.4543035712213905,
   0.46612063921807523,
   0.2055895869833339,
   0.27647369581137743,
   0.4302090718929027,
   0.608375577422374,
   0.0,
   0.2548595389663969,
   0.43806934839482736,
   0.6225166542584402,
   0.2135606828741221,
   0.30533164084847264,
   0.47474172718568053,
   0.6275824468559488,
   0.38415102626042463,
   0.3892360638994376,
   0.4700474571826635,
   0.5814850064833988
  ],
  [
   0.8445336166760982,
   0.6909551854950557,
   0.5167251042361053,
   0.37412340523801796,
   0.2446512743332156,
   0.34400075718337786,
   0.15557366992307706,
   0.20807516896137634,
   0.37924931780766624,
   0.2548595389663969,
   0.0,
   0.18454844476626453,
   0.37530630876897436,
   0.29653300241681746,
   0.1480302822308005,
   0.2434154062280194,
   0.3930423757588033,
   0.3996716132332768,
   0.29511337247143393,
   0.2932471262200354,
   0.368467442856862
  ],
  [
   0.91934713258728,
   0.7601031446807511,
   0.5753296003686688,
   0.3934601965953035,
   0.1479193134745788,
   0.49637487354355564,
   0.25599079407068837,
   0.14137958826128863,
   0.23535717608109688,
   0.43806934839482736,
   0.18454844476626453,
   0.0,
   0.1966315299674618,
   0.44314988496263624,
   0.22441269427161994,
   0.12869485150603147,
   0.22996461792256118,
   0.4929057875475905,
   0.34132809811984843,
   0.2513429060526759,
   0.24581200911360662
  ],
  [
   0.9958464538753696,
   0.8237445436109885,
   0.6350457635630224,
   0.43888431840328174,
   0.1944085366469878,
   0.644969789813619,
   0.40325479310362955,
   0.23530767187087628,
   0.13153842312234726,
   0.6225166542584402,
   0.37530630876897436,
   0.1966315299674618,
   0.0,
   0.6233093028995763,
   0.4037140658950937,
   0.22975340228631652,
   0.12089232233851069,
   0.6464375969545095,
   0.4849076259801662,
   0.3522875576303989,
   0.23942535133220896
  ],
  [
   0.7000299262406647,
   0.6458961608761113,
   0.5695963995869748,
   0.5372252267683187,
   0.5185177014128466,
   0.3859255687472021,
   0.40096593152397486,
   0.49762512913657336,
   0.6516117276946778,
   0.2135606828741221,
   0.29653300241681746,
   0.44314988496263624,
   0.6233093028995763,
   0.0,
   0.23154919132333981,
   0.41946552594456377,
   0.5940506000619267,
   0.17336561315858323,
   0.22796455530583293,
   0.3572601118127503,
   0.5052883424078056
  ],
  [
   0.8077256927825743,
   0.7058546655702557,
   0.5720213655659506,
   0.45898176819273984,
   0.33352876526875447,
   0.4379134122103186,
   0.2993276589079866,
   0.31638562902890416,
   0.4504376875117678,
   0.30533164084847264,
   0.1480302822308005,
   0.22441269427161994,
   0.4037140658950937,
   0.23154919132333981,
   0.0,
   0.19659997913778204,
   0.3843729102547485,
   0.2786630275785276,
   0.15257474894000272,
   0.180481819508129,
   0.3105560706211105
  ],
  [
   0.8730964877239488,
   0.7520498280717831,
   0.5999526953725554,
   0.4469295385629443,
   0.24965927791505432,
   0.5561669291749287,
   0.35262809550737406,
   0.26272532765638945,
   0.3148049731410446,
   0.47474172718568053,
   0.2434154062280194,
   0.12869485150603147,
   0.22975340228631652,
   0.41946552594456377,
   0.19659997913778204,
   0.0,
   0.19668776129467214,
   0.42309205400636024,
   0.25806612121044037,
   0.13436984533968033,
   0.14287846190402628
  ],
  [
   0.9162875246796668,
   0.7702031894096688,
   0.6088227665027488,
   0.440074762967633,
   0.2521984675454309,
   0.6580362194311505,
   0.4444885359347777,
   0.3022597102150852,
   0.2256605180277675,
   0.6275824468559488,
   0.3930423757588033,
   0.22996461792256118,
   0.12089232233851069,
   0.5940506000619267,
   0.3843729102547485,
   0.19668776129467214,
   0.0,
   0.5889860777387405,
   0.42921762403685393,
   0.28539881190939065,
   0.13778576857623612
  ],
  [
   0.6699381169595292,
   0.6769825651183062,
   0.6396633284877572,
   0.6185068538914437,
   0.5874465057261653,
   0.5374455682054182,
   0.5260707696576379,
   0.5810227140396014,
   0.7030925946312432,
   0.38415102626042463,
   0.3996716132332768,
   0.4929057875475905,
   0.6464375969545095,
   0.17336561315858323,
   0.2786630275785276,
   0.42309205400636024,
   0.5889860777387405,
   0.0,
   0.16791384221014902,
   0.3145926835049992,
   0.4714589557450515
  ],
  [
   0.7401897261250634,
   0.6954492260249499,
   0.6105593472329501,
   0.5377324841155434,
   0.44991503926328996,
   0.5279593817209888,
   0.43661356771065957,
   0.4482544010779826,
   0.553033513795385,
   0.3892360638994376,
   0.29511337247143393,
   0.34132809811984843,
   0.4849076259801662,
   0.22796455530583293,
   0.15257474894000272,
   0.25806612121044037,
   0.42921762403685393,
   0.16791384221014902,
   0.0,
   0.150725467359512,
   0.31412044370399395
  ],
  [
   0.7947479181753853,
   0.718803909376125,
   0.6069946552578216,
   0.4969215250155055,
   0.36285600559490555,
   0.5743329909065497,
   0.4232335881739728,
   0.37616937665093314,
   0.4384931508436458,
   0.4700474571826635,
   0.2932471262200354,
   0.2513429060526759,
   0.3522875576303989,
   0.3572601118127503,
   0.180481819508129,
   0.13436984533968033,
   0.28539881190939065,
   0.3145926835049992,
   0.150725467359512,
   0.0,
   0.16654548931057517
  ],
  [
   0.8408174520276055,
   0.7352706823523809,
   0.6056660451037015,
   0.47031787084975646,
   0.31722078389883573,
   0.6421295572967589,
   0.45845179355487764,
   0.35545874090001,
   0.34185044380707386,
   0.5814850064833988,
   0.368467442856862,
   0.24581200911360662,
   0.23942535133220896,
   0.5052883424078056,
   0.3105560706211105,
   0.14287846190402628,
   0.13778576857623612,
   0.4714589557450515,
   0.31412044370399395,
   0.16654548931057517,
   0.0
  ]
 ]
}