{
 "0": [
  [
   0.0,
   0.33802612837636886,
   0.5777162821758064,
   0.7418932348039486,
   0.8613904643392181,
   0.7951292552321433,
   1.0,
   0.8481578956835356,
   0.6422896096189431,
   0.83124148528008,
   0.9084995736947203,
   0.7233171355697073,
   0.5031395768231519,
   0.7555483575357126,
   0.8932897931895131,
   0.706601860923283,
   0.49004356773866686,
   0.7184930806706511,
   0.831688533805307,
   0.6982855248160283,
   0.5362873184056933
  ],
  [
   0.33802612837636886,
   0.0,
   0.2704920438105932,
   0.48642115915531164,
   0.6655935825199357,
   0.5706295077626101,
   0.753477616344478,
   0.5941706577675582,
   0.3827907380632879,
   0.6811015731837324,
   0.7135488111015955,
   0.5286389558484911,
   0.32756042470877117,
   0.6914358294837124,
   0.7607191423534521,
   0.5789616994905792,
   0.40187220770536486,
   0.7229841924050522,
   0.7729533673825103,
   0.638938497578521,
   0.5240492001816695
  ],
  [
   0.5777162821758064,
   0.2704920438105932,
   0.0,
   0.23797908112495597,
   0.47016471747243377,
   0.3506013800951325,
   0.49665889176747974,
   0.3471713761453794,
   0.16734055649829455,
   0.5034294957607505,
   0.49752001465107326,
   0.346098034272711,
   0.2449666410576296,
   0.5838963518722785,
   0.5916460177712705,
   0.4533134382468893,
   0.36719517906548393,
   0.670808265435566,
   0.6666642720248542,
   0.5629364515487931,
   0.5120627427409178
  ],
  [
   0.7418932348039486,
   0.48642115915531164,
   0.23797908112495597,
   0.0,
   0.2997452828420674,
   0.1862945040648999,
   0.2677255464519499,
   0.14980720669025943,
   0.15033822993185864,
   0.31846068938609723,
   0.2761726409044555,
   0.2030588094569231,
   0.27371421542976565,
   0.4466073011173101,
   0.40003895738056744,
   0.3389330696675407,
   0.36560535794319815,
   0.5740220412337665,
   0.5253219001953402,
   0.47207959244400227,
   0.48590126429251934
  ],
  [
   0.8613904643392181,
   0.6655935825199357,
   0.47016471747243377,
   0.2997452828420674,
   0.0,
   0.4258961588377843,
   0.30579529917531734,
   0.19852460053695078,
   0.30432300921683414,
   0.40354186346785625,
   0.15889086446316952,
   0.1509221239008975,
   0.3680627728004246,
   0.4244567819315694,
   0.23104076983154218,
   0.20404714053703932,
   0.39248045289567446,
   0.49255194923556916,
   0.3599953913061188,
   0.32635284276604526,
   0.43713432853247275
  ],
  [
   0.7951292552321433,
   0.5706295077626101,
   0.3506013800951325,
   0.1862945040648999,
   0.4258961588377843,
   0.0,
   0.28988501342448786,
   0.294645444690928,
   0.3201799042416269,
   0.22040946993433644,
   0.3323994867793054,
   0.3363890482476042,
   0.38149591920146875,
   0.4181252383946333,
   0.43561015470371106,
   0.4386337353174165,
   0.4467938607334218,
   0.5854912399582857,
   0.5633071990979327,
   0.5512811340129669,
   0.5547749089417798
  ],
  [
   1.0,
   0.753477616344478,
   0.49665889176747974,
   0.2677255464519499,
   0.30579529917531734,
   0.28988501342448786,
   0.0,
   0.19520063412630842,
   0.39106138588522105,
   0.34225734908537486,
   0.2039929334445361,
   0.3337580489508073,
   0.5107226957058291,
   0.5133807901490284,
   0.37099162058114243,
   0.4444967178241025,
   0.5704025127655987,
   0.6636200925488681,
   0.5571103522844745,
   0.5724874904132333,
   0.6513370394942121
  ],
  [
   0.8481578956835356,
   0.5941706577675582,
   0.3471713761453794,
   0.14980720669025943,
   0.19852460053695078,
   0.294645444690928,
   0.19520063412630842,
   0.0,
   0.21445505824095754,
   0.3748642900930382,
   0.20290798033673643,
   0.18726214782359332,
   0.35446000965097535,
   0.4878986501845215,
   0.35688743221087854,
   0.3261684195468252,
   0.4307388711801939,
   0.6027403460839388,
   0.5081055319153824,
   0.4671216191000214,
   0.5270686368894574
  ],
  [
   0.6422896096189431,
   0.3827907380632879,
   0.16734055649829455,
   0.15033822993185864,
   0.30432300921683414,
   0.3201799042416269,
   0.39106138588522105,
   0.21445505824095754,
   0.0,
   0.4227282563381621,
   0.35131056363500457,
   0.18561489191979968,
   0.1787601624170414,
   0.4840537345074661,
   0.4430897655889862,
   0.30519380609481245,
   0.29104793733768647,
   0.5660590782015464,
   0.5279568973297988,
   0.4297185128437519,
   0.4210669405956956
  ],
  [
   0.83124148528008,
   0.6811015731837324,
   0.5034294957607505,
   0.31846068938609723,
   0.40354186346785625,
   0.22040946993433644,
   0.34225734908537486,
   0.3748642900930382,
   0.4227282563381621,
   0.0,
   0.27862877147593695,
   0.3376204512269825,
   0.4174119758210842,
   0.234149086170052,
   0.29497827614573935,
   0.37003757787349817,
   0.42126613034528837,
   0.4222216847025636,
   0.40161842304178685,
   0.4442052962438571,
   0.4751430226668989
  ],
  [
   0.9084995736947203,
   0.7135488111015955,
   0.49752001465107326,
   0.2761726409044555,
   0.15889086446316952,
   0.3323994867793054,
   0.2039929334445361,
   0.20290798033673643,
   0.35131056363500457,
   0.27862877147593695,
   0.0,
   0.20475382542874568,
   0.4126062054495445,
   0.3587371237571852,
   0.1740848730246567,
   0.2650047215311941,
   0.43451251735430774,
   0.48045936354643315,
   0.3570861264341444,
   0.37965877788476055,
   0.4827553859455769
  ],
  [
   0.7233171355697073,
   0.5286389558484911,
   0.346098034272711,
   0.2030588094569231,
   0.1509221239008975,
   0.3363890482476042,
   0.3337580489508073,
   0.18726214782359332,
   0.18561489191979968,
   0.3376204512269825,
   0.20475382542874568,
   0.0,
   0.22292069746413187,
   0.3576489169775992,
   0.26345319576926257,
   0.14616362915475442,
   0.2621830460248847,
   0.43522452529196354,
   0.35776796750035056,
   0.28677614723706923,
   0.3420288818248391
  ],
  [
   0.5031395768231519,
   0.32756042470877117,
   0.2449666410576296,
   0.27371421542976565,
   0.3680627728004246,
   0.38149591920146875,
   0.5107226957058291,
   0.35446000965097535,
   0.1787601624170414,
   0.4174119758210842,
   0.4126062054495445,
   0.22292069746413187,
   0.0,
   0.3995912206726439,
   0.43550577817069425,
   0.25518480585458797,
   0.12413775586023268,
   0.4422548442251942,
   0.45463265164972205,
   0.3332198204965391,
   0.2673881833696926
  ],
  [
   0.7555483575357126,
   0.6914358294837124,
   0.5838963518722785,
   0.4466073011173101,
   0.4244567819315694,
   0.4181252383946333,
   0.5133807901490284,
   0.4878986501845215,
   0.4840537345074661,
   0.234149086170052,
   0.3587371237571852,
   0.3576489169775992,
   0.3995912206726439,
   0.0,
   0.25376043251084424,
   0.292395724689374,
   0.33400089755208223,
   0.19115001773128543,
   0.22688299288000405,
   0.2863853483547041,
   0.3143360553179506
  ],
  [
   0.8932897931895131,
   0.7607191423534521,
   0.5916460177712705,
   0.40003895738056744,
   0.23104076983154218,
   0.43561015470371106,
   0.37099162058114243,
   0.35688743221087854,
   0.4430897655889862,
   0.29497827614573935,
   0.1740848730246567,
   0.26345319576926257,
   0.43550577817069425,
   0.25376043251084424,
   0.0,
   0.21812240588419357,
   0.40627002219128433,
   0.3388815949695957,
   0.1930916338676818,
   0.2704972818335618,
   0.40070230369494747
  ],
  [
   0.706601860923283,
   0.5789616994905792,
   0.4533134382468893,
   0.3389330696675407,
   0.20404714053703932,
   0.4386337353174165,
   0.4444967178241025,
   0.3261684195468252,
   0.30519380609481245,
   0.37003757787349817,
   0.2650047215311941,
   0.14616362915475442,
   0.25518480585458797,
   0.292395724689374,
   0.21812240588419357,
   0.0,
   0.22055379075135215,
   0.31421312017048747,
   0.23378694738359682,
   0.14143823692570873,
   0.2349874989197706
  ],
  [
   0.49004356773866686,
   0.40187220770536486,
   0.36719517906548393,
   0.36560535794319815,
   0.39248045289567446,
   0.4467938607334218,
   0.5704025127655987,
   0.4307388711801939,
   0.29104793733768647,
   0.42126613034528837,
   0.43451251735430774,
   0.2621830460248847,
   0.12413775586023268,
   0.33400089755208223,
   0.40627002219128433,
   0.22055379075135215,
   0.0,
   0.3345851223369146,
   0.3747984111808351,
   0.2459297577792438,
   0.14581115107541126
  ],
  [
   0.7184930806706511,
   0.7229841924050522,
   0.670808265435566,
   0.5740220412337665,
   0.49255194923556916,
   0.5854912399582857,
   0.6636200925488681,
   0.6027403460839388,
   0.5660590782015464,
   0.4222216847025636,
   0.48045936354643315,
   0.43522452529196354,
   0.4422548442251942,
   0.19115001773128543,
   0.3388815949695957,
   0.31421312017048747,
   0.3345851223369146,
   0.0,
   0.1857986741365013,
   0.21922064845806763,
   0.2339817534664556
  ],
  [
   0.831688533805307,
   0.7729533673825103,
   0.6666642720248542,
   0.5253219001953402,
   0.3599953913061188,
   0.5633071990979327,
   0.5571103522844745,
   0.5081055319153824,
   0.5279568973297988,
   0.40161842304178685,
   0.3570861264341444,
   0.35776796750035056,
   0.45463265164972205,
   0.22688299288000405,
   0.1930916338676818,
   0.23378694738359682,
   0.3747984111808351,
   0.1857986741365013,
   0.0,
   0.16693459493658644,
   0.3008451279473403
  ],
  [
   0.6982855248160283,
   0.638938497578521,
   0.5629364515487931,
   0.47207959244400227,
   0.32635284276604526,
   0.5512811340129669,
   0.5724874904132333,
   0.4671216191000214,
   0.4297185128437519,
   0.4442052962438571,
   0.37965877788476055,
   0.28677614723706923,
   0.3332198204965391,
   0.2863853483547041,
   0.2704972818335618,
   0.14143823692570873,
   0.2459297577792438,
   0.21922064845806763,
   0.16693459493658644,
   0.0,
   0.16876177381671056
  ],
  [
   0.5362873184056933,
   0.5240492001816695,
   0.5120627427409178,
   0.48590126429251934,
   0.43713432853247275,
   0.5547749089417798,
   0.6513370394942121,
   0.5270686368894574,
   0.4210669405956956,
   0.4751430226668989,
   0.4827553859455769,
   0.3420288818248391,
   0.2673881833696926,
   0.3143360553179506,
   0.40070230369494747,
   0.2349874989197706,
   0.14581115107541126,
   0.2339817534664556,
   0.3008451279473403,
   0.16876177381671056,
   0.0
  ]
 ]
}