{
 "16": [
  [
   0.0,
   0.3419984472790937,
   0.557788982588272,
   0.7493368073673641,
   0.9410183628986103,
   0.8032114017058668,
   0.9968626399726408,
   0.9912362557460171,
   0.9100251744614354,
   0.8401533002598073,
   1.0,
   0.9893601714229743,
   0.9072579877314333,
   0.7637084803992064,
   0.9242717247279194,
   0.9334288643081017,
   0.8701773090781995,
   0.7267247447731292,
   0.8075004642209515,
   0.8373335213647011,
   0.8300045060710337
  ],
  [
   0.3419984472790937,
   0.0,
   0.27117004618108076,
   0.5029235094475898,
   0.7587763965813075,
   0.57677567504748,
   0.7664489251849466,
   0.7611281655906954,
   0.6787192062860301,
   0.6888887858816086,
   0.8272730867303774,
   0.8094621013530967,
   0.7225695630758999,
   0.6992791714793042,
   0.8108088586841309,
   0.8018653262998603,
   0.7261603019263392,
   0.7312515173370501,
   0.7658554299602716,
   0.7686486536632778,
   0.7346273623082038
  ],
  [
   0.557788982588272,
   0.27117004618108076,
   0.0,
   0.2379868628173018,
   0.5184305647027516,
   0.49475929866755053,
   0.5894031181253865,
   0.5364595313813761,
   0.422997968305841,
   0.6077706892069107,
   0.6589820840859628,
   0.5972113635033867,
   0.4833865832541384,
   0.6359799029010157,
   0.6616164627409427,
   0.6050583773888555,
   0.5052582266657294,
   0.6788854901473265,
   0.6500077021375533,
   0.6105942204917415,
   0.5454970997641817
  ],
  [
   0.7493368073673641,
   0.5029235094475898,
   0.2379868628173018,
   0.0,
   0.2967988678577612,
   0.5090567953151199,
   0.475416445724956,
   0.35615962004334917,
   0.1951218595860054,
   0.5804787135855483,
   0.5265400192906827,
   0.41010133151498773,
   0.2649873192929244,
   0.6052572789701978,
   0.5376811545086961,
   0.4283825811063163,
   0.3129158614063699,
   0.6467377228189367,
   0.5579715961220699,
   0.4785054992638102,
   0.3924972460718456
  ],
  [
   0.9410183628986103,
   0.7587763965813075,
   0.5184305647027516,
   0.2967988678577612,
   0.0,
   0.6152481941645285,
   0.4528158387311349,
   0.27304019370639676,
   0.15876111328788448,
   0.5901285937376567,
   0.4095932132887786,
   0.21422912122073076,
   0.036538986914637785,
   0.5685526740283535,
   0.3878215926869441,
   0.19930940767310001,
   0.1315483860591428,
   0.5842739326064511,
   0.43046140034689695,
   0.31144258375992645,
   0.249378772748266
  ],
  [
   0.8032114017058668,
   0.57677567504748,
   0.49475929866755053,
   0.5090567953151199,
   0.6152481941645285,
   0.0,
   0.2875708060573888,
   0.4219645215265842,
   0.5196007302025158,
   0.22319441923640013,
   0.3979186774780793,
   0.5064618795717312,
   0.5881349644648499,
   0.42337886073666214,
   0.4960573915329397,
   0.5956780498844239,
   0.6697501913865826,
   0.5926145880379815,
   0.6154579854257131,
   0.6714101525644302,
   0.7300308654736191
  ],
  [
   0.9968626399726408,
   0.7664489251849466,
   0.5894031181253865,
   0.475416445724956,
   0.4528158387311349,
   0.2875708060573888,
   0.0,
   0.19393851635551435,
   0.37587480976721227,
   0.29612201702230473,
   0.20021100552190976,
   0.2964737486958779,
   0.43956638047401786,
   0.4609365492301709,
   0.3733366507542038,
   0.43931887225066873,
   0.5494279125454904,
   0.6142839422010281,
   0.5606789297237041,
   0.5797107219628989,
   0.6362853849527519
  ],
  [
   0.9912362557460171,
   0.7611281655906954,
   0.5364595313813761,
   0.35615962004334917,
   0.27304019370639676,
   0.4219645215265842,
   0.19393851635551435,
   0.0,
   0.20308185978770973,
   0.42498208978984764,
   0.24098823064456512,
   0.16776979842865267,
   0.2650607362282538,
   0.5112512039749497,
   0.3538895632205336,
   0.31549334977881355,
   0.38656796068242855,
   0.6143961327123335,
   0.5098463497406667,
   0.473742820631029,
   0.49004764187005384
  ],
  [
   0.9100251744614354,
   0.6787192062860301,
   0.422997968305841,
   0.1951218595860054,
   0.15876111328788448,
   0.5196007302025158,
   0.37587480976721227,
   0.20308185978770973,
   0.0,
   0.5496021256856866,
   0.4063518427192867,
   0.2537940550688582,
   0.13963795819029887,
   0.5848558501930222,
   0.44243602079447253,
   0.3128127146262607,
   0.2536992801434573,
   0.6398751981571964,
   0.5171215347932436,
   0.42869495668907065,
   0.36917265175822717
  ],
  [
   0.8401533002598073,
   0.6888887858816086,
   0.6077706892069107,
   0.5804787135855483,
   0.5901285937376567,
   0.22319441923640013,
   0.29612201702230473,
   0.42498208978984764,
   0.5496021256856866,
   0.0,
   0.27881356796644324,
   0.43619902022265516,
   0.568589393214705,
   0.23726561934373935,
   0.3352506753211315,
   0.49933263733649863,
   0.6329493318724045,
   0.42747924346726646,
   0.4662450695535881,
   0.5621744014536266,
   0.6724403183001751
  ],
  [
   1.0,
   0.8272730867303774,
   0.6589820840859628,
   0.5265400192906827,
   0.4095932132887786,
   0.3979186774780793,
   0.20021100552190976,
   0.24098823064456512,
   0.4063518427192867,
   0.27881356796644324,
   0.0,
   0.2040172673980098,
   0.40296561761694066,
   0.3469355048142593,
   0.19301774030212926,
   0.312429407118964,
   0.48618251144967434,
   0.47672455518678186,
   0.40724932937559916,
   0.44710443675639566,
   0.5494163985234306
  ],
  [
   0.9893601714229743,
   0.8094621013530967,
   0.5972113635033867,
   0.41010133151498773,
   0.21422912122073076,
   0.5064618795717312,
   0.2964737486958779,
   0.16776979842865267,
   0.2537940550688582,
   0.43619902022265516,
   0.2040172673980098,
   0.0,
   0.21632374082751926,
   0.4454070886792291,
   0.2309323214975866,
   0.16322944848396692,
   0.3060778570119411,
   0.5112225329208926,
   0.3782889819388932,
   0.33698787160247445,
   0.38877592429179697
  ],
  [
   0.9072579877314333,
   0.7225695630758999,
   0.4833865832541384,
   0.2649873192929244,
   0.036538986914637785,
   0.5881349644648499,
   0.43956638047401786,
   0.2650607362282538,
   0.13963795819029887,
   0.568589393214705,
   0.40296561761694066,
   0.21632374082751926,
   0.0,
   0.5487481786188688,
   0.3812528025040595,
   0.20294107231604477,
   0.12738666574238833,
   0.5672037015099686,
   0.42011549944734916,
   0.30651351949258965,
   0.2447765364173529
  ],
  [
   0.7637084803992064,
   0.6992791714793042,
   0.6359799029010157,
   0.6052572789701978,
   0.5685526740283535,
   0.42337886073666214,
   0.4609365492301709,
   0.5112512039749497,
   0.5848558501930222,
   0.23726561934373935,
   0.3469355048142593,
   0.4454070886792291,
   0.5487481786188688,
   0.0,
   0.2536933594004965,
   0.4259688741668701,
   0.5663278281964675,
   0.1933150607819994,
   0.27786756687237896,
   0.4169788445796149,
   0.563130424730111
  ],
  [
   0.9242717247279194,
   0.8108088586841309,
   0.6616164627409427,
   0.5376811545086961,
   0.3878215926869441,
   0.4960573915329397,
   0.3733366507542038,
   0.3538895632205336,
   0.44243602079447253,
   0.3352506753211315,
   0.19301774030212926,
   0.2309323214975866,
   0.3812528025040595,
   0.2536933594004965,
   0.0,
   0.21643985874877647,
   0.41426506039577365,
   0.31501472446353324,
   0.22175206175786005,
   0.2904723470883016,
   0.43686651574725854
  ],
  [
   0.9334288643081017,
   0.8018653262998603,
   0.6050583773888555,
   0.4283825811063163,
   0.19930940767310001,
   0.5956780498844239,
   0.43931887225066873,
   0.31549334977881355,
   0.3128127146262607,
   0.49933263733649863,
   0.312429407118964,
   0.16322944848396692,
   0.20294107231604477,
   0.4259688741668701,
   0.21643985874877647,
   0.0,
   0.2162499739465298,
   0.4266965509682806,
   0.26059672991205635,
   0.18057032166484163,
   0.257202606332777
  ],
  [
   0.8701773090781995,
   0.7261603019263392,
   0.5052582266657294,
   0.3129158614063699,
   0.1315483860591428,
   0.6697501913865826,
   0.5494279125454904,
   0.38656796068242855,
   0.2536992801434573,
   0.6329493318724045,
   0.48618251144967434,
   0.3060778570119411,
   0.12738666574238833,
   0.5663278281964675,
   0.41426506039577365,
   0.2162499739465298,
   0.0,
   0.5409496496563793,
   0.38500131256914355,
   0.23952123599999214,
   0.12205214669247738
  ],
  [
   0.7267247447731292,
   0.7312515173370501,
   0.6788854901473265,
   0.6467377228189367,
   0.5842739326064511,
   0.5926145880379815,
   0.6142839422010281,
   0.6143961327123335,
   0.6398751981571964,
   0.42747924346726646,
   0.47672455518678186,
   0.5112225329208926,
   0.5672037015099686,
   0.1933150607819994,
   0.31501472446353324,
   0.4266965509682806,
   0.5409496496563793,
   0.0,
   0.18334877353310966,
   0.3387343108749947,
   0.49651475739018475
  ],
  [
   0.8075004642209515,
   0.7658554299602716,
   0.6500077021375533,
   0.5579715961220699,
   0.43046140034689695,
   0.6154579854257131,
   0.5606789297237041,
   0.5098463497406667,
   0.5171215347932436,
   0.4662450695535881,
   0.40724932937559916,
   0.3782889819388932,
   0.42011549944734916,
   0.27786756687237896,
   0.22175206175786005,
   0.26059672991205635,
   0.38500131256914355,
   0.18334877353310966,
   0.0,
   0.16595389204725924,
   0.34295150588178996
  ],
  [
   0.8373335213647011,
   0.7686486536632778,
   0.6105942204917415,
   0.4785054992638102,
   0.31144258375992645,
   0.6714101525644302,
   0.5797107219628989,
   0.473742820631029,
   0.42869495668907065,
   0.5621744014536266,
   0.44710443675639566,
   0.33698787160247445,
   0.30651351949258965,
   0.4169788445796149,
   0.2904723470883016,
   0.18057032166484163,
   0.23952123599999214,
   0.3387343108749947,
   0.16595389204725924,
   0.0,
   0.18537777717807588
  ],
  [
   0.8300045060710337,
   0.7346273623082038,
   0.5454970997641817,
   0.3924972460718456,
   0.249378772748266,
   0.7300308654736191,
   0.6362853849527519,
   0.49004764187005384,
   0.36917265175822717,
   0.6724403183001751,
   0.5494163985234306,
   0.38877592429179697,
   0.2447765364173529,
   0.563130424730111,
   0.43686651574725854,
   0.257202606332777,
   0.12205214669247738,
   0.49651475739018475,
   0.34295150588178996,
   0.18537777717807588,
   0.0
  ]
 ]
}