{
 "2": [
  [
   0.0,
   0.3289839646435811,
   0.580818749396077,
   0.7831802478615241,
   1.0,
   0.7730154297288789,
   0.9215023078721142,
   0.8183585275938865,
   0.6840551143333777,
   0.8086997790852198,
   0.8995079777856109,
   0.7564787562920905,
   0.5978183071295542,
   0.7356394332908569,
   0.8814727703296046,
   0.7347408095972765,
   0.5605908587879261,
   0.7000042108446755,
   0.821999733697109,
   0.7081118834299105,
   0.5596909069498246
  ],
  [
   0.3289839646435811,
   0.0,
   0.26143393684288607,
   0.48243860997404864,
   0.7319432296607848,
   0.5552527843989817,
   0.7038923886023745,
   0.5837769856826456,
   0.4096832792803113,
   0.6633514172241594,
   0.7439748005612613,
   0.5932362722509281,
   0.39721392595773264,
   0.6739273778918441,
   0.785043140150272,
   0.6339133814378588,
   0.44313291742632593,
   0.7047910705830966,
   0.7869136016465973,
   0.6761839573750839,
   0.5455434532419161
  ],
  [
   0.580818749396077,
   0.26143393684288607,
   0.0,
   0.2305918958678803,
   0.5024913723390446,
   0.39154726124398437,
   0.5252594322450768,
   0.4134219732933542,
   0.23401982196149002,
   0.5569654582131411,
   0.6249960858433796,
   0.4997611303744686,
   0.32947176251528276,
   0.6446370459452746,
   0.7178758615937916,
   0.5963683242418225,
   0.4490981335268755,
   0.729532382330376,
   0.7745671521974539,
   0.6901937772071572,
   0.6001956702833835
  ],
  [
   0.7831802478615241,
   0.48243860997404864,
   0.2305918958678803,
   0.0,
   0.2828174364139283,
   0.28822432252981134,
   0.357804311836296,
   0.2858109547525524,
   0.20695928691386345,
   0.47249128863288675,
   0.5105747208742502,
   0.4373554579032682,
   0.3557059444379225,
   0.617019161949449,
   0.6445065102959412,
   0.5712281634557079,
   0.49713723371042373,
   0.7382457158276571,
   0.746633501416324,
   0.6972952943858477,
   0.6532112895022171
  ],
  [
   1.0,
   0.7319432296607848,
   0.5024913723390446,
   0.2828174364139283,
   0.0,
   0.3425796323295132,
   0.19760758267997056,
   0.24303314292135483,
   0.3627586246917655,
   0.4416425629992716,
   0.38693984948710064,
   0.40705275053351164,
   0.46228924369441393,
   0.604853773500895,
   0.5510444776889647,
   0.5509219469045181,
   0.5791776048124603,
   0.7413491242913081,
   0.6965104430453315,
   0.6944183855352118,
   0.7110947691283956
  ],
  [
   0.7730154297288789,
   0.5552527843989817,
   0.39154726124398437,
   0.28822432252981134,
   0.3425796323295132,
   0.0,
   0.28050002132677115,
   0.3398712775341011,
   0.3748917697680375,
   0.2146082516058966,
   0.3833025821800194,
   0.3979079892900647,
   0.4084507121497788,
   0.4069601299175084,
   0.5040869065870501,
   0.5093111957911322,
   0.5006067994842636,
   0.5696823438211553,
   0.6098916561797721,
   0.6121345822051879,
   0.5861481032996214
  ],
  [
   0.9215023078721142,
   0.7038923886023745,
   0.5252594322450768,
   0.357804311836296,
   0.19760758267997056,
   0.28050002132677115,
   0.0,
   0.18927951264321877,
   0.36799461644204917,
   0.2835866758971014,
   0.19427836412969987,
   0.2636654969928483,
   0.3884119278216926,
   0.41898246527173766,
   0.3599675205598388,
   0.39416545877303716,
   0.4691933841898406,
   0.5557944168873898,
   0.5093004217082111,
   0.5288335836562184,
   0.5631700367572806
  ],
  [
   0.8183585275938865,
   0.5837769856826456,
   0.4134219732933542,
   0.2858109547525524,
   0.24303314292135483,
   0.3398712775341011,
   0.18927951264321877,
   0.0,
   0.2056626743659846,
   0.39058657242715267,
   0.2786418407033252,
   0.1884506688170872,
   0.2369608539650365,
   0.4690610860903324,
   0.4036401532193569,
   0.3321257595359569,
   0.3417295268294794,
   0.562322023347684,
   0.5155515283945198,
   0.476488810611348,
   0.48290822511217335
  ],
  [
   0.6840551143333777,
   0.4096832792803113,
   0.23401982196149002,
   0.20695928691386345,
   0.3627586246917655,
   0.3748917697680375,
   0.36799461644204917,
   0.2056626743659846,
   0.0,
   0.49006969634924286,
   0.4568958240895009,
   0.31207353415661926,
   0.17452778133204705,
   0.5590233746145398,
   0.5551047779608619,
   0.4252803628958804,
   0.3183557615157759,
   0.6340737914047393,
   0.6280841862989066,
   0.5457345973773204,
   0.49450723038947475
  ],
  [
   0.8086997790852198,
   0.6633514172241594,
   0.5569654582131411,
   0.47249128863288675,
   0.4416425629992716,
   0.2146082516058966,
   0.2835866758971014,
   0.39058657242715267,
   0.49006969634924286,
   0.0,
   0.2691059460367828,
   0.35469178529877776,
   0.450684181512001,
   0.22781519502924893,
   0.347319291381143,
   0.42248386810417565,
   0.4874074091018241,
   0.41072824291335874,
   0.4502630072207748,
   0.49899012054149827,
   0.5091524566264718
  ],
  [
   0.8995079777856109,
   0.7439748005612613,
   0.6249960858433796,
   0.5105747208742502,
   0.38693984948710064,
   0.3833025821800194,
   0.19427836412969987,
   0.2786418407033252,
   0.4568958240895009,
   0.2691059460367828,
   0.0,
   0.1989207982329069,
   0.3970106264158316,
   0.2927476977620158,
   0.16747454326871022,
   0.2659328279958459,
   0.4150213399278286,
   0.3999042030529828,
   0.3258878745006687,
   0.3783261529327132,
   0.44994918650784427
  ],
  [
   0.7564787562920905,
   0.5932362722509281,
   0.4997611303744686,
   0.4373554579032682,
   0.40705275053351164,
   0.3979079892900647,
   0.2636654969928483,
   0.1884506688170872,
   0.31207353415661926,
   0.35469178529877776,
   0.1989207982329069,
   0.0,
   0.2134559291533688,
   0.3364388405293478,
   0.2498883656522824,
   0.14620712578331524,
   0.2297813764649911,
   0.3899012683208082,
   0.33269473662592464,
   0.29036355827697685,
   0.31933051507923244
  ],
  [
   0.5978183071295542,
   0.39721392595773264,
   0.32947176251528276,
   0.3557059444379225,
   0.46228924369441393,
   0.4084507121497788,
   0.3884119278216926,
   0.2369608539650365,
   0.17452778133204705,
   0.450684181512001,
   0.3970106264158316,
   0.2134559291533688,
   0.0,
   0.4470394921658356,
   0.4458850952007326,
   0.2809818326400694,
   0.14473192171729013,
   0.48406459048433925,
   0.48336833211141295,
   0.38209567146868223,
   0.32084791903014065
  ],
  [
   0.7356394332908569,
   0.6739273778918441,
   0.6446370459452746,
   0.617019161949449,
   0.604853773500895,
   0.4069601299175084,
   0.41898246527173766,
   0.4690610860903324,
   0.5590233746145398,
   0.22781519502924893,
   0.2927476977620158,
   0.3364388405293478,
   0.4470394921658356,
   0.0,
   0.24401782744640332,
   0.31589395300520196,
   0.4114490642393775,
   0.18592567459587542,
   0.26457759335795755,
   0.32760352613962734,
   0.3515158556158524
  ],
  [
   0.8814727703296046,
   0.785043140150272,
   0.7178758615937916,
   0.6445065102959412,
   0.5510444776889647,
   0.5040869065870501,
   0.3599675205598388,
   0.4036401532193569,
   0.5551047779608619,
   0.347319291381143,
   0.16747454326871022,
   0.2498883656522824,
   0.4458850952007326,
   0.24401782744640332,
   0.0,
   0.21182630577129694,
   0.40625206699492067,
   0.2795816227465039,
   0.1668152802550831,
   0.2640650565689782,
   0.3724852402746604
  ],
  [
   0.7347408095972765,
   0.6339133814378588,
   0.5963683242418225,
   0.5712281634557079,
   0.5509219469045181,
   0.5093111957911322,
   0.39416545877303716,
   0.3321257595359569,
   0.4252803628958804,
   0.42248386810417565,
   0.2659328279958459,
   0.14620712578331524,
   0.2809818326400694,
   0.31589395300520196,
   0.21182630577129694,
   0.0,
   0.20953474251967918,
   0.29642509906618725,
   0.21937777313883797,
   0.14750937739828052,
   0.2149759513642059
  ],
  [
   0.5605908587879261,
   0.44313291742632593,
   0.4490981335268755,
   0.49713723371042373,
   0.5791776048124603,
   0.5006067994842636,
   0.4691933841898406,
   0.3417295268294794,
   0.3183557615157759,
   0.4874074091018241,
   0.4150213399278286,
   0.2297813764649911,
   0.14473192171729013,
   0.4114490642393775,
   0.40625206699492067,
   0.20953474251967918,
   0.0,
   0.39294383995169385,
   0.3946804877590663,
   0.26462210436482464,
   0.18576745485737514
  ],
  [
   0.7000042108446755,
   0.7047910705830966,
   0.729532382330376,
   0.7382457158276571,
   0.7413491242913081,
   0.5696823438211553,
   0.5557944168873898,
   0.562322023347684,
   0.6340737914047393,
   0.41072824291335874,
   0.3999042030529828,
   0.3899012683208082,
   0.48406459048433925,
   0.18592567459587542,
   0.2795816227465039,
   0.29642509906618725,
   0.39294383995169385,
   0.0,
   0.17719467995694757,
   0.22120922198472148,
   0.25554712441186184
  ],
  [
   0.821999733697109,
   0.7869136016465973,
   0.7745671521974539,
   0.746633501416324,
   0.6965104430453315,
   0.6098916561797721,
   0.5093004217082111,
   0.5155515283945198,
   0.6280841862989066,
   0.4502630072207748,
   0.3258878745006687,
   0.33269473662592464,
   0.48336833211141295,
   0.26457759335795755,
   0.1668152802550831,
   0.21937777313883797,
   0.3946804877590663,
   0.17719467995694757,
   0.0,
   0.16146130037327686,
   0.28846306326798166
  ],
  [
   0.7081118834299105,
   0.6761839573750839,
   0.6901937772071572,
   0.6972952943858477,
   0.6944183855352118,
   0.6121345822051879,
   0.5288335836562184,
   0.476488810611348,
   0.5457345973773204,
   0.49899012054149827,
   0.3783261529327132,
   0.29036355827697685,
   0.38209567146868223,
   0.32760352613962734,
   0.2640650565689782,
   0.14750937739828052,
   0.26462210436482464,
   0.22120922198472148,
   0.16146130037327686,
   0.0,
   0.1494375449168183
  ],
  [
   0.5596909069498246,
   0.5455434532419161,
   0.6001956702833835,
   0.6532112895022171,
   0.7110947691283956,
   0.5861481032996214,
   0.5631700367572806,
   0.48290822511217335,
   0.49450723038947475,
   0.5091524566264718,
   0.44994918650784427,
   0.31933051507923244,
   0.32084791903014065,
   0.3515158556158524,
   0.3724852402746604,
   0.2149759513642059,
   0.18576745485737514,
   0.25554712441186184,
   0.28846306326798166,
   0.1494375449168183,
   0.0
  ]
 ],
 "4": [
  [
   0.0,
   0.3662420490943874,
   0.606266608359585,
   0.8158316556184656,
   1.0,
   0.8610414732562623,
   0.9942318517939533,
   0.8397854301805627,
   0.7073176546186779,
   0.9001780408196053,
   0.9422032366856331,
   0.7770605184201109,
   0.6276612592407252,
   0.8183175753876437,
   0.8924325891030104,
   0.7068806519587951,
   0.5370844950192081,
   0.777913451162681,
   0.8361219075172794,
   0.6876167786490073,
   0.5375514383571997
  ],
  [
   0.3662420490943874,
   0.0,
   0.29080966246471557,
   0.540794137566685,
   0.8037422599057149,
   0.6173588597638794,
   0.7433318377035076,
   0.580599829743022,
   0.3950309551953721,
   0.7368612543903044,
   0.7538142127699722,
   0.5819655618865316,
   0.37250232476164247,
   0.747959576058936,
   0.7701737287089762,
   0.5814369410986964,
   0.36375059760296796,
   0.7817606892221836,
   0.7864865061250923,
   0.6451101019957255,
   0.5225320800475366
  ],
  [
   0.606266608359585,
   0.29080966246471557,
   0.0,
   0.25594831850313715,
   0.5516671848178962,
   0.49469009107690554,
   0.5116920238497777,
   0.3245116129730713,
   0.15040447157806675,
   0.6226560141924168,
   0.5482945449859868,
   0.3663550435942053,
   0.17859394394932532,
   0.6639249085670018,
   0.5977816354813186,
   0.4187287468639545,
   0.25630562092381026,
   0.719539267645387,
   0.6598265023963741,
   0.5378960815099623,
   0.48494439004147555
  ],
  [
   0.8158316556184656,
   0.540794137566685,
   0.25594831850313715,
   0.0,
   0.3226458129076603,
   0.49293072183490944,
   0.3500614510014237,
   0.15294720606397755,
   0.20931833892555032,
   0.5786610062904994,
   0.39385934574187037,
   0.23383355656209998,
   0.23811412878072735,
   0.6248523509819284,
   0.4666927057550418,
   0.340329516846015,
   0.32956134325298503,
   0.6860275013044577,
   0.5681468010118845,
   0.4900657857466406,
   0.518188014402908
  ],
  [
   1.0,
   0.8037422599057149,
   0.5516671848178962,
   0.3226458129076603,
   0.0,
   0.6046718903734909,
   0.3383471537215614,
   0.2863131798829238,
   0.4883757287704987,
   0.5694467572849548,
   0.2740189658529024,
   0.24774364256984724,
   0.45316447556451034,
   0.5549985881939486,
   0.2972258043148272,
   0.31510488285484783,
   0.4803809548507722,
   0.5865060991371295,
   0.4121072873340027,
   0.4243737848019949,
   0.5429538909581768
  ],
  [
   0.8610414732562623,
   0.6173588597638794,
   0.49469009107690554,
   0.49293072183490944,
   0.6046718903734909,
   0.0,
   0.31210766493222064,
   0.37004790419312983,
   0.36397154282942723,
   0.23814163023153298,
   0.38750863424980486,
   0.432080231359346,
   0.3697297097120806,
   0.45162994718601235,
   0.5135744664191213,
   0.534426626197008,
   0.4533907410432132,
   0.6323777630954802,
   0.6390084934852936,
   0.6415968207350489,
   0.5888062480269638
  ],
  [
   0.9942318517939533,
   0.7433318377035076,
   0.5116920238497777,
   0.3500614510014237,
   0.3383471537215614,
   0.31210766493222064,
   0.0,
   0.20922016924866604,
   0.37580582350000613,
   0.338789282670617,
   0.18835140366873096,
   0.2920256060670906,
   0.3845102810942347,
   0.4770043385776002,
   0.36453228989036984,
   0.43104203486408377,
   0.4728523284790511,
   0.6192546222240551,
   0.5329333021154216,
   0.5624348759106238,
   0.5967921037945089
  ],
  [
   0.8397854301805627,
   0.580599829743022,
   0.3245116129730713,
   0.15294720606397755,
   0.2863131798829238,
   0.37004790419312983,
   0.20922016924866604,
   0.0,
   0.2170223325918913,
   0.4332125031255759,
   0.25640729553197966,
   0.15796385493226206,
   0.2177647710737645,
   0.5029045505283298,
   0.3630509327187312,
   0.3034786059782413,
   0.3142197548892112,
   0.5963632235846082,
   0.4934188622709645,
   0.4555641438510068,
   0.48138346525662784
  ],
  [
   0.7073176546186779,
   0.3950309551953721,
   0.15040447157806675,
   0.20931833892555032,
   0.4883757287704987,
   0.36397154282942723,
   0.37580582350000613,
   0.2170223325918913,
   0.0,
   0.5082773968779682,
   0.44237559822903044,
   0.30493013991378015,
   0.13658463305859228,
   0.5933558761625808,
   0.5291341043308528,
   0.4029741877454695,
   0.273024699180285,
   0.6863182277968904,
   0.6257134058005849,
   0.540903971499999,
   0.5018187759017632
  ],
  [
   0.9001780408196053,
   0.7368612543903044,
   0.6226560141924168,
   0.5786610062904994,
   0.5694467572849548,
   0.23814163023153298,
   0.338789282670617,
   0.4332125031255759,
   0.5082773968779682,
   0.0,
   0.29995271169165216,
   0.4197502730294721,
   0.45466782529039723,
   0.2529022082251424,
   0.37785129825771063,
   0.48289579025384477,
   0.4807620707072423,
   0.45611720756448737,
   0.48959015967386543,
   0.5487238663804251,
   0.5189991489962182
  ],
  [
   0.9422032366856331,
   0.7538142127699722,
   0.5482945449859868,
   0.39385934574187037,
   0.2740189658529024,
   0.38750863424980486,
   0.18835140366873096,
   0.25640729553197966,
   0.44237559822903044,
   0.29995271169165216,
   0.0,
   0.21918850739359408,
   0.38958470925964056,
   0.33470071611345736,
   0.1792709837739006,
   0.31154334029881375,
   0.42157323781132444,
   0.4490492041648474,
   0.35165035882740786,
   0.41327921378181715,
   0.47309194113176817
  ],
  [
   0.7770605184201109,
   0.5819655618865316,
   0.3663550435942053,
   0.23383355656209998,
   0.24774364256984724,
   0.432080231359346,
   0.2920256060670906,
   0.15796385493226206,
   0.30493013991378015,
   0.4197502730294721,
   0.21918850739359408,
   0.0,
   0.22558900424571562,
   0.4053574573976379,
   0.24191453076587535,
   0.149475550502202,
   0.24329545513513945,
   0.4582644846669214,
   0.34369572336506904,
   0.29930636073577027,
   0.34735485046654085
  ],
  [
   0.6276612592407252,
   0.37250232476164247,
   0.17859394394932532,
   0.23811412878072735,
   0.45316447556451034,
   0.3697297097120806,
   0.3845102810942347,
   0.2177647710737645,
   0.13658463305859228,
   0.45466782529039723,
   0.38958470925964056,
   0.22558900424571562,
   0.0,
   0.4880760013375623,
   0.4364274105365149,
   0.289106720388234,
   0.1400352358918331,
   0.5600828556712932,
   0.5090922433864499,
   0.41481114915907547,
   0.3654130642191837
  ],
  [
   0.8183175753876437,
   0.747959576058936,
   0.6639249085670018,
   0.6248523509819284,
   0.5549985881939486,
   0.45162994718601235,
   0.4770043385776002,
   0.5029045505283298,
   0.5933558761625808,
   0.2529022082251424,
   0.33470071611345736,
   0.4053574573976379,
   0.4880760013375623,
   0.0,
   0.2729353690718089,
   0.38476208634261644,
   0.4416524309817535,
   0.20656856031232587,
   0.2944068923895432,
   0.3784817193501705,
   0.3603574491448301
  ],
  [
   0.8924325891030104,
   0.7701737287089762,
   0.5977816354813186,
   0.4666927057550418,
   0.2972258043148272,
   0.5135744664191213,
   0.36453228989036984,
   0.3630509327187312,
   0.5291341043308528,
   0.37785129825771063,
   0.1792709837739006,
   0.24191453076587535,
   0.4364274105365149,
   0.2729353690718089,
   0.0,
   0.23460080790759846,
   0.4092258076999194,
   0.3062370302723787,
   0.1749547181225802,
   0.2752524385756099,
   0.3713629912933389
  ],
  [
   0.7068806519587951,
   0.5814369410986964,
   0.4187287468639545,
   0.340329516846015,
   0.31510488285484783,
   0.534426626197008,
   0.43104203486408377,
   0.3034786059782413,
   0.4029741877454695,
   0.48289579025384477,
   0.31154334029881375,
   0.149475550502202,
   0.289106720388234,
   0.38476208634261644,
   0.23460080790759846,
   0.0,
   0.22466209873645784,
   0.3688848495266094,
   0.2497759168681285,
   0.15390785859385384,
   0.2301255560674559
  ],
  [
   0.5370844950192081,
   0.36375059760296796,
   0.25630562092381026,
   0.32956134325298503,
   0.4803809548507722,
   0.4533907410432132,
   0.4728523284790511,
   0.3142197548892112,
   0.273024699180285,
   0.4807620707072423,
   0.42157323781132444,
   0.24329545513513945,
   0.1400352358918331,
   0.4416524309817535,
   0.4092258076999194,
   0.22466209873645784,
   0.0,
   0.4684017482093017,
   0.4331936453972761,
   0.31092780398780684,
   0.23429729788608894
  ],
  [
   0.777913451162681,
   0.7817606892221836,
   0.719539267645387,
   0.6860275013044577,
   0.5865060991371295,
   0.6323777630954802,
   0.6192546222240551,
   0.5963632235846082,
   0.6863182277968904,
   0.45611720756448737,
   0.4490492041648474,
   0.4582644846669214,
   0.5600828556712932,
   0.20656856031232587,
   0.3062370302723787,
   0.3688848495266094,
   0.4684017482093017,
   0.0,
   0.19871496635130506,
   0.28060533625678985,
   0.2888774082427906
  ],
  [
   0.8361219075172794,
   0.7864865061250923,
   0.6598265023963741,
   0.5681468010118845,
   0.4121072873340027,
   0.6390084934852936,
   0.5329333021154216,
   0.4934188622709645,
   0.6257134058005849,
   0.48959015967386543,
   0.35165035882740786,
   0.34369572336506904,
   0.5090922433864499,
   0.2944068923895432,
   0.1749547181225802,
   0.2497759168681285,
   0.4331936453972761,
   0.19871496635130506,
   0.0,
   0.179499916041384,
   0.29943618109427517
  ],
  [
   0.6876167786490073,
   0.6451101019957255,
   0.5378960815099623,
   0.4900657857466406,
   0.4243737848019949,
   0.6415968207350489,
   0.5624348759106238,
   0.4555641438510068,
   0.540903971499999,
   0.5487238663804251,
   0.41327921378181715,
   0.29930636073577027,
   0.41481114915907547,
   0.3784817193501705,
   0.2752524385756099,
   0.15390785859385384,
   0.31092780398780684,
   0.28060533625678985,
   0.179499916041384,
   0.0,
   0.17165599433210055
  ],
  [
   0.5375514383571997,
   0.5225320800475366,
   0.48494439004147555,
   0.518188014402908,
   0.5429538909581768,
   0.5888062480269638,
   0.5967921037945089,
   0.48138346525662784,
   0.5018187759017632,
   0.5189991489962182,
   0.47309194113176817,
   0.34735485046654085,
   0.3654130642191837,
   0.3603574491448301,
   0.3713629912933389,
   0.2301255560674559,
   0.23429729788608894,
   0.2888774082427906,
   0.29943618109427517,
   0.17165599433210055,
   0.0
  ]
 ],
 "5": [
  [
   0.0,
   0.3354059366078047,
   0.586994791376029,
   0.7912813486100034,
   1.0,
   0.7886714840948024,
   0.9525313355281633,
   0.8970449245392712,
   0.7724545736912201,
   0.8248199745172247,
   0.9446332206896498,
   0.8607753595130927,
   0.6994151511160233,
   0.7501368189706958,
   0.8992954000859358,
   0.8051831761415155,
   0.6291819919070532,
   0.7136522538760284,
   0.8242180072618085,
   0.7679702091593344,
   0.6317120660107396
  ],
  [
   0.3354059366078047,
   0.0,
   0.2658806333641725,
   0.4918184249058051,
   0.7477772419421109,
   0.5661072649594697,
   0.7213650597423648,
   0.6552599469222651,
   0.5052825025084818,
   0.6759942245865024,
   0.77050090162458,
   0.6750194649627624,
   0.4903079525780418,
   0.686561044882268,
   0.7793379637367136,
   0.6668762169755018,
   0.4781749848824314,
   0.71805100246868,
   0.769874588169631,
   0.6908420366473198,
   0.5552239993061071
  ],
  [
   0.586994791376029,
   0.2658806333641725,
   0.0,
   0.23352513699823252,
   0.5171508913506017,
   0.43336690987372456,
   0.5243256610084026,
   0.4407241194832609,
   0.27948444773431524,
   0.584070474021936,
   0.6177851422644236,
   0.5126107798798545,
   0.3352888176041142,
   0.6542032631441241,
   0.6717894683404568,
   0.5504424439460325,
   0.39206307813197583,
   0.7260405385686418,
   0.7175805077730592,
   0.6263385117620426,
   0.5186806728568615
  ],
  [
   0.7912813486100034,
   0.4918184249058051,
   0.23352513699823252,
   0.0,
   0.3015934696053127,
   0.4022846618882306,
   0.3650723834387725,
   0.2525307015569788,
   0.12339373305277039,
   0.5433825972916744,
   0.489336823411094,
   0.37907502645132546,
   0.2635801671145655,
   0.6444798423484528,
   0.5803961856372907,
   0.4620532385303297,
   0.37815021640762947,
   0.7359990976286211,
   0.6720016692380809,
   0.5787315686539523,
   0.517168306544861
  ],
  [
   1.0,
   0.7477772419421109,
   0.5171508913506017,
   0.3015934696053127,
   0.0,
   0.4590263174455836,
   0.21885464201539134,
   0.10723843626067905,
   0.2700769846214931,
   0.5074360000686582,
   0.3165569364647701,
   0.23952503717509271,
   0.32314167307018205,
   0.6044728842866322,
   0.4362858154572203,
   0.3647625536126229,
   0.43218356290942145,
   0.7016355933092179,
   0.5750736461112046,
   0.5055991208350511,
   0.5283879832412389
  ],
  [
   0.7886714840948024,
   0.5661072649594697,
   0.43336690987372456,
   0.4022846618882306,
   0.4590263174455836,
   0.0,
   0.2847059619755719,
   0.3891721171207432,
   0.4456167174136631,
   0.21865719790687313,
   0.37354315722476406,
   0.43326374056087735,
   0.4438291512186699,
   0.414635165617275,
   0.4625114974398468,
   0.49809620570433377,
   0.5002979109420252,
   0.5805347743358504,
   0.5694132574683449,
   0.5759279241960371,
   0.5675509212338723
  ],
  [
   0.9525313355281633,
   0.7213650597423648,
   0.5243256610084026,
   0.3650723834387725,
   0.21885464201539134,
   0.2847059619755719,
   0.0,
   0.189060063400748,
   0.36421641018475365,
   0.3076659147034291,
   0.1868233521945826,
   0.2515511597254439,
   0.37049445352592875,
   0.4552693325724362,
   0.3374380480248535,
   0.36488987223485264,
   0.4553792993039402,
   0.5965937686487959,
   0.49815557577893277,
   0.4847481887614095,
   0.5254498747042967
  ],
  [
   0.8970449245392712,
   0.6552599469222651,
   0.4407241194832609,
   0.2525307015569788,
   0.10723843626067905,
   0.3891721171207432,
   0.189060063400748,
   0.0,
   0.2058148623850559,
   0.4342072547319932,
   0.2706107925373572,
   0.16677982905579014,
   0.22958123818470874,
   0.5178975749906207,
   0.37514798539766725,
   0.2885035403564525,
   0.3372334198970731,
   0.6123191214699869,
   0.5004797874716944,
   0.4270935968271064,
   0.43629761069741124
  ],
  [
   0.7724545736912201,
   0.5052825025084818,
   0.27948444773431524,
   0.12339373305277039,
   0.2700769846214931,
   0.4456167174136631,
   0.36421641018475365,
   0.2058148623850559,
   0.0,
   0.5409235492496755,
   0.4465247112553405,
   0.2968341946168598,
   0.15942795023838466,
   0.6014471110166537,
   0.5147885795056598,
   0.36508239988052293,
   0.2784127886911191,
   0.6682025703412587,
   0.5909785431466427,
   0.48051714448674654,
   0.418348933976569
  ],
  [
   0.8248199745172247,
   0.6759942245865024,
   0.584070474021936,
   0.5433825972916744,
   0.5074360000686582,
   0.21865719790687313,
   0.3076659147034291,
   0.4342072547319932,
   0.5409235492496755,
   0.0,
   0.2740042441916597,
   0.3978027804128678,
   0.4789102794574632,
   0.2320686941836042,
   0.31159347419102745,
   0.42732176728117643,
   0.49782073636810853,
   0.41845194113933604,
   0.4098325198320436,
   0.47010206213334726,
   0.510141800743142
  ],
  [
   0.9446332206896498,
   0.77050090162458,
   0.6177851422644236,
   0.489336823411094,
   0.3165569364647701,
   0.37354315722476406,
   0.1868233521945826,
   0.2706107925373572,
   0.4465247112553405,
   0.2740042441916597,
   0.0,
   0.19794857924991874,
   0.3833945912992525,
   0.3344571423453344,
   0.15864430069386543,
   0.26278956461491626,
   0.4231990514383056,
   0.45518817426019664,
   0.3332543726367799,
   0.3536851453874909,
   0.4413994768999529
  ],
  [
   0.8607753595130927,
   0.6750194649627624,
   0.5126107798798545,
   0.37907502645132546,
   0.23952503717509271,
   0.43326374056087735,
   0.2515511597254439,
   0.16677982905579014,
   0.2968341946168598,
   0.3978027804128678,
   0.19794857924991874,
   0.0,
   0.21449387107886864,
   0.40863511469447233,
   0.23672896917711925,
   0.12936096720540732,
   0.26434257523584254,
   0.4724330428502842,
   0.34239211995872837,
   0.2682318132489731,
   0.31431016236619935
  ],
  [
   0.6994151511160233,
   0.4903079525780418,
   0.3352888176041142,
   0.2635801671145655,
   0.32314167307018205,
   0.4438291512186699,
   0.37049445352592875,
   0.22958123818470874,
   0.15942795023838466,
   0.4789102794574632,
   0.3833945912992525,
   0.21449387107886864,
   0.0,
   0.4825556844405126,
   0.40529856209980414,
   0.23232564925645918,
   0.12474317746619804,
   0.5217726985304518,
   0.44840299046782495,
   0.32891947503617647,
   0.2596799568724458
  ],
  [
   0.7501368189706958,
   0.686561044882268,
   0.6542032631441241,
   0.6444798423484528,
   0.6044728842866322,
   0.414635165617275,
   0.4552693325724362,
   0.5178975749906207,
   0.6014471110166537,
   0.2320686941836042,
   0.3344571423453344,
   0.40863511469447233,
   0.4825556844405126,
   0.0,
   0.2486551672846614,
   0.364279703179484,
   0.4434634471582485,
   0.18940795043511274,
   0.23334251762951946,
   0.33282706066659346,
   0.3895129673475527
  ],
  [
   0.8992954000859358,
   0.7793379637367136,
   0.6717894683404568,
   0.5803961856372907,
   0.4362858154572203,
   0.4625114974398468,
   0.3374380480248535,
   0.37514798539766725,
   0.5147885795056598,
   0.31159347419102745,
   0.15864430069386543,
   0.23672896917711925,
   0.40529856209980414,
   0.2486551672846614,
   0.0,
   0.21313975814201735,
   0.39698786774473066,
   0.3205541570523729,
   0.17917176233465537,
   0.24001840426628626,
   0.36202553039258767
  ],
  [
   0.8051831761415155,
   0.6668762169755018,
   0.5504424439460325,
   0.4620532385303297,
   0.3647625536126229,
   0.49809620570433377,
   0.36488987223485264,
   0.2885035403564525,
   0.36508239988052293,
   0.42732176728117643,
   0.26278956461491626,
   0.12936096720540732,
   0.23232564925645918,
   0.364279703179484,
   0.21313975814201735,
   0.0,
   0.2141061298043408,
   0.378500802609067,
   0.24679503738786615,
   0.14097782956555674,
   0.20745474778524553
  ],
  [
   0.6291819919070532,
   0.4781749848824314,
   0.39206307813197583,
   0.37815021640762947,
   0.43218356290942145,
   0.5002979109420252,
   0.4553792993039402,
   0.3372334198970731,
   0.2784127886911191,
   0.49782073636810853,
   0.4231990514383056,
   0.26434257523584254,
   0.12474317746619804,
   0.4434634471582485,
   0.39698786774473066,
   0.2141061298043408,
   0.0,
   0.441126036709897,
   0.38798933228286797,
   0.2555822870267986,
   0.14448208028506515
  ],
  [
   0.7136522538760284,
   0.71805100246868,
   0.7260405385686418,
   0.7359990976286211,
   0.7016355933092179,
   0.5805347743358504,
   0.5965937686487959,
   0.6123191214699869,
   0.6682025703412587,
   0.41845194113933604,
   0.45518817426019664,
   0.4724330428502842,
   0.5217726985304518,
   0.18940795043511274,
   0.3205541570523729,
   0.378500802609067,
   0.441126036709897,
   0.0,
   0.18175055434298298,
   0.2784209222776758,
   0.3328630567755694
  ],
  [
   0.8242180072618085,
   0.769874588169631,
   0.7175805077730592,
   0.6720016692380809,
   0.5750736461112046,
   0.5694132574683449,
   0.49815557577893277,
   0.5004797874716944,
   0.5909785431466427,
   0.4098325198320436,
   0.3332543726367799,
   0.34239211995872837,
   0.44840299046782495,
   0.23334251762951946,
   0.17917176233465537,
   0.24679503738786615,
   0.38798933228286797,
   0.18175055434298298,
   0.0,
   0.16023037572559726,
   0.29121530319572325
  ],
  [
   0.7679702091593344,
   0.6908420366473198,
   0.6263385117620426,
   0.5787315686539523,
   0.5055991208350511,
   0.5759279241960371,
   0.4847481887614095,
   0.4270935968271064,
   0.48051714448674654,
   0.47010206213334726,
   0.3536851453874909,
   0.2682318132489731,
   0.32891947503617647,
   0.33282706066659346,
   0.24001840426628626,
   0.14097782956555674,
   0.2555822870267986,
   0.2784209222776758,
   0.16023037572559726,
   0.0,
   0.15810321996944499
  ],
  [
   0.6317120660107396,
   0.5552239993061071,
   0.5186806728568615,
   0.517168306544861,
   0.5283879832412389,
   0.5675509212338723,
   0.5254498747042967,
   0.43629761069741124,
   0.418348933976569,
   0.510141800743142,
   0.4413994768999529,
   0.31431016236619935,
   0.2596799568724458,
   0.3895129673475527,
   0.36202553039258767,
   0.20745474778524553,
   0.14448208028506515,
   0.3328630567755694,
   0.29121530319572325,
   0.15810321996944499,
   0.0
  ]
 ]
}