{
 "13": [
  [
   0.0,
   0.22586338294311434,
   0.40170891417176086,
   0.5461781893705263,
   0.6899058099915877,
   0.530400839360182,
   0.6655612821809993,
   0.63849047145316,
   0.5921198953327186,
   0.5545233319871044,
   0.7258001054088995,
   0.8506059645251012,
   1.0,
   0.5039097788108481,
   0.6725608245193654,
   0.8166796737061004,
   0.9663369336889822,
   0.47917042655235426,
   0.5940540144218702,
   0.6999645777506445,
   0.8180451625859462
  ],
  [
   0.22586338294311434,
   0.0,
   0.18022108839536982,
   0.3338224340758682,
   0.5042561448870552,
   0.38098993005287307,
   0.4963245063945382,
   0.4556884778995891,
   0.40231960921952814,
   0.4548430798233947,
   0.6153851069354218,
   0.7332753173414381,
   0.8798306293886965,
   0.46167239584784525,
   0.6108632902736881,
   0.7452815244508277,
   0.8879127896744871,
   0.4826321272405183,
   0.582221167660574,
   0.676568105082326,
   0.7798400742810914
  ],
  [
   0.40170891417176086,
   0.18022108839536982,
   0.0,
   0.1581510647588482,
   0.34846643647224307,
   0.3207669555299619,
   0.3787738003369483,
   0.31448419203799866,
   0.2486853754996338,
   0.4265708056502955,
   0.5514299964856278,
   0.6512400057940672,
   0.787311563735714,
   0.474833405632268,
   0.5898328586958093,
   0.704482416612414,
   0.8336163901913182,
   0.5214799208972046,
   0.599985458622966,
   0.6778681654384776,
   0.7625078446660228
  ],
  [
   0.5461781893705263,
   0.3338224340758682,
   0.1581510647588482,
   0.0,
   0.20418654808430495,
   0.33598110011005716,
   0.3064673642754606,
   0.2073530408232873,
   0.11884635185356549,
   0.44052137462553825,
   0.5144275041414829,
   0.5872971782160329,
   0.7066452720874463,
   0.5069866552515669,
   0.5846236041080786,
   0.6742555198287965,
   0.7861471162686275,
   0.5628807585020169,
   0.6208187182001533,
   0.6814128684765881,
   0.7466937148003137
  ],
  [
   0.6899058099915877,
   0.5042561448870552,
   0.34846643647224307,
   0.20418654808430495,
   0.0,
   0.431147543575021,
   0.30765536186907694,
   0.18154052878217447,
   0.10473318255444988,
   0.49242461072665733,
   0.49691584333091293,
   0.5263452455344723,
   0.6165546180877516,
   0.5440821777619863,
   0.5794067147932928,
   0.6346042163076588,
   0.7227262594229585,
   0.5887484705934712,
   0.6244959799908222,
   0.6649059122009655,
   0.707578967420065
  ],
  [
   0.530400839360182,
   0.38098993005287307,
   0.3207669555299619,
   0.33598110011005716,
   0.431147543575021,
   0.0,
   0.19290059563544532,
   0.2630480998164907,
   0.3512922311591484,
   0.1472890622971489,
   0.2778506464657877,
   0.39728470745580485,
   0.5422129008091723,
   0.2794945427535671,
   0.33584270630937446,
   0.44000234572085045,
   0.5643614593048508,
   0.3912275825202899,
   0.4106937590229343,
   0.4555736210164325,
   0.518567028483073
  ],
  [
   0.6655612821809993,
   0.4963245063945382,
   0.3787738003369483,
   0.3064673642754606,
   0.30765536186907694,
   0.19290059563544532,
   0.0,
   0.12889727268705714,
   0.26921069333314285,
   0.23963065383607768,
   0.22946822087350002,
   0.29337955936286797,
   0.41830725534456253,
   0.3554404528272983,
   0.34824991376933967,
   0.40279591209980514,
   0.49877202906508855,
   0.4552888341054437,
   0.45167149939568974,
   0.47063624764241124,
   0.5019761477960755
  ],
  [
   0.63849047145316,
   0.4556884778995891,
   0.31448419203799866,
   0.2073530408232873,
   0.18154052878217447,
   0.2630480998164907,
   0.12889727268705714,
   0.0,
   0.1443370722739493,
   0.3245070525082149,
   0.3341852894881674,
   0.386191354095952,
   0.4999329747705299,
   0.4064974368535716,
   0.4299532583330379,
   0.492036399245483,
   0.589833843156057,
   0.4810743781712548,
   0.5011823390245672,
   0.5353690649955032,
   0.5773101902972199
  ],
  [
   0.5921198953327186,
   0.40231960921952814,
   0.2486853754996338,
   0.11884635185356549,
   0.10473318255444988,
   0.3512922311591484,
   0.26921069333314285,
   0.1443370722739493,
   0.0,
   0.4233946587373737,
   0.46353583354629585,
   0.5193144060172835,
   0.6301274221575696,
   0.4754305338253033,
   0.5341257474335761,
   0.6102136867998943,
   0.7149175281408618,
   0.5232589647648517,
   0.5707537236951294,
   0.622956092463527,
   0.6797234730679118
  ],
  [
   0.5545233319871044,
   0.4548430798233947,
   0.4265708056502955,
   0.44052137462553825,
   0.49242461072665733,
   0.1472890622971489,
   0.23963065383607768,
   0.3245070525082149,
   0.4233946587373737,
   0.0,
   0.18549898014609523,
   0.3204436305968875,
   0.47136184449150126,
   0.15663260556793088,
   0.1936384512979742,
   0.3132247316335648,
   0.4505548204113739,
   0.2822226071408401,
   0.2741613037897089,
   0.3109521282604306,
   0.37777618771289473
  ],
  [
   0.7258001054088995,
   0.6153851069354218,
   0.5514299964856278,
   0.5144275041414829,
   0.49691584333091293,
   0.2778506464657877,
   0.22946822087350002,
   0.3341852894881674,
   0.46353583354629585,
   0.18549898014609523,
   0.0,
   0.13555797472226305,
   0.285975158980156,
   0.2649117286100245,
   0.15648665915487206,
   0.17976544607001047,
   0.2895313644205567,
   0.3698555851091376,
   0.3078810434392787,
   0.2836117903071493,
   0.2884556365542847
  ],
  [
   0.8506059645251012,
   0.7332753173414381,
   0.6512400057940672,
   0.5872971782160329,
   0.5263452455344723,
   0.39728470745580485,
   0.29337955936286797,
   0.386191354095952,
   0.5193144060172835,
   0.3204436305968875,
   0.13555797472226305,
   0.0,
   0.15174333752336552,
   0.3837643268858006,
   0.24679955631976672,
   0.17746853234827947,
   0.21364972852469916,
   0.4709174733516447,
   0.3934607957177971,
   0.3406763489764645,
   0.29762912555863225
  ],
  [
   1.0,
   0.8798306293886965,
   0.787311563735714,
   0.7066452720874463,
   0.6165546180877516,
   0.5422129008091723,
   0.41830725534456253,
   0.4999329747705299,
   0.6301274221575696,
   0.47136184449150126,
   0.285975158980156,
   0.15174333752336552,
   0.0,
   0.5277616097069372,
   0.3780104553380607,
   0.2642228189266343,
   0.1987032061223846,
   0.6041578924381444,
   0.5158117808094791,
   0.44391791918318146,
   0.36528643937320565
  ],
  [
   0.5039097788108481,
   0.46167239584784525,
   0.474833405632268,
   0.5069866552515669,
   0.5440821777619863,
   0.2794945427535671,
   0.3554404528272983,
   0.4064974368535716,
   0.4754305338253033,
   0.15663260556793088,
   0.2649117286100245,
   0.3837643268858006,
   0.5277616097069372,
   0.0,
   0.16954144276722857,
   0.3140151668327448,
   0.4640244498350811,
   0.127630414772755,
   0.1399042174213113,
   0.21884767335230715,
   0.3239471787113487
  ],
  [
   0.6725608245193654,
   0.6108632902736881,
   0.5898328586958093,
   0.5846236041080786,
   0.5794067147932928,
   0.33584270630937446,
   0.34824991376933967,
   0.4299532583330379,
   0.5341257474335761,
   0.1936384512979742,
   0.15648665915487206,
   0.24679955631976672,
   0.3780104553380607,
   0.16954144276722857,
   0.0,
   0.14563040720098647,
   0.2953832822725278,
   0.2512251715237218,
   0.16236895043548116,
   0.13546516964252345,
   0.18435397871627987
  ],
  [
   0.8166796737061004,
   0.7452815244508277,
   0.704482416612414,
   0.6742555198287965,
   0.6346042163076588,
   0.44000234572085045,
   0.40279591209980514,
   0.492036399245483,
   0.6102136867998943,
   0.3132247316335648,
   0.17976544607001047,
   0.17746853234827947,
   0.2642228189266343,
   0.3140151668327448,
   0.14563040720098647,
   0.0,
   0.15001327621791014,
   0.3796355381203951,
   0.27271105225149767,
   0.18922693859530065,
   0.12670863877132532
  ],
  [
   0.9663369336889822,
   0.8879127896744871,
   0.8336163901913182,
   0.7861471162686275,
   0.7227262594229585,
   0.5643614593048508,
   0.49877202906508855,
   0.589833843156057,
   0.7149175281408618,
   0.4505548204113739,
   0.2895313644205567,
   0.21364972852469916,
   0.1987032061223846,
   0.4640244498350811,
   0.2953832822725278,
   0.15001327621791014,
   0.0,
   0.5240522367627675,
   0.4124023975962691,
   0.315598231445457,
   0.2077694500913107
  ],
  [
   0.47917042655235426,
   0.4826321272405183,
   0.5214799208972046,
   0.5628807585020169,
   0.5887484705934712,
   0.3912275825202899,
   0.4552888341054437,
   0.4810743781712548,
   0.5232589647648517,
   0.2822226071408401,
   0.3698555851091376,
   0.4709174733516447,
   0.6041578924381444,
   0.127630414772755,
   0.2512251715237218,
   0.3796355381203951,
   0.5240522367627675,
   0.0,
   0.1218842279560544,
   0.22975779670077381,
   0.34960919013358127
  ],
  [
   0.5940540144218702,
   0.582221167660574,
   0.599985458622966,
   0.6208187182001533,
   0.6244959799908222,
   0.4106937590229343,
   0.45167149939568974,
   0.5011823390245672,
   0.5707537236951294,
   0.2741613037897089,
   0.3078810434392787,
   0.3934607957177971,
   0.5158117808094791,
   0.1399042174213113,
   0.16236895043548116,
   0.27271105225149767,
   0.4124023975962691,
   0.1218842279560544,
   0.0,
   0.10832408072602101,
   0.2296271445741074
  ],
  [
   0.6999645777506445,
   0.676568105082326,
   0.6778681654384776,
   0.6814128684765881,
   0.6649059122009655,
   0.4555736210164325,
   0.47063624764241124,
   0.5353690649955032,
   0.622956092463527,
   0.3109521282604306,
   0.2836117903071493,
   0.3406763489764645,
   0.44391791918318146,
   0.21884767335230715,
   0.13546516964252345,
   0.18922693859530065,
   0.315598231445457,
   0.22975779670077381,
   0.10832408072602101,
   0.0,
   0.12235990111371474
  ],
  [
   0.8180451625859462,
   0.7798400742810914,
   0.7625078446660228,
   0.7466937148003137,
   0.707578967420065,
   0.518567028483073,
   0.5019761477960755,
   0.5773101902972199,
   0.6797234730679118,
   0.37777618771289473,
   0.2884556365542847,
   0.29762912555863225,
   0.36528643937320565,
   0.3239471787113487,
   0.18435397871627987,
   0.12670863877132532,
   0.2077694500913107,
   0.34960919013358127,
   0.2296271445741074,
   0.12235990111371474,
   0.0
  ]
 ],
 "18": [
  [
   0.0,
   0.23802469677973975,
   0.4143994066796484,
   0.5555355197904208,
   0.7126135163887461,
   0.5603791976576553,
   0.6830473780883555,
   0.7161181770493528,
   0.7479673327246316,
   0.5866038769976121,
   0.7487238521884322,
   0.8638524048133419,
   1.0,
   0.5334986469629465,
   0.7052866582420656,
   0.8491413805029935,
   0.9935477425069634,
   0.5072464361907739,
   0.6355481149731755,
   0.7500634026074088,
   0.8677051779133977
  ],
  [
   0.23802469677973975,
   0.0,
   0.1884334218500142,
   0.34728125471582877,
   0.534144554274957,
   0.40231011827699154,
   0.507614001146714,
   0.5340711109888584,
   0.5644663747389359,
   0.48073671855823935,
   0.6224651310085489,
   0.7278340593058666,
   0.856218975002031,
   0.48798828308009534,
   0.6318829422641687,
   0.7619824469004297,
   0.8931326432976192,
   0.5100516772734044,
   0.6243375872491775,
   0.7321439807707015,
   0.838419365885091
  ],
  [
   0.4143994066796484,
   0.1884334218500142,
   0.0,
   0.16505263500954784,
   0.36683379347645473,
   0.304398376366038,
   0.3539161196064131,
   0.3641863405774008,
   0.3937592527843804,
   0.4096770015462318,
   0.5063514358517923,
   0.5918774828560557,
   0.7065531057639749,
   0.45770395840862127,
   0.5585280528609022,
   0.6650611844569932,
   0.7775698985274032,
   0.5080509142459051,
   0.5970476407928605,
   0.6896476468029444,
   0.7794490320269565
  ],
  [
   0.5555355197904208,
   0.34728125471582877,
   0.16505263500954784,
   0.0,
   0.20834600015536273,
   0.29624969920250616,
   0.24256720753837638,
   0.21095638884808351,
   0.2337828375286813,
   0.38908120348255526,
   0.4191795156765434,
   0.472702721062503,
   0.5667012142390964,
   0.4526999603199288,
   0.5034013045637469,
   0.5784979853440027,
   0.6676803399844937,
   0.5126717281890505,
   0.572121607707919,
   0.6447472739554181,
   0.7150591963417513
  ],
  [
   0.7126135163887461,
   0.534144554274957,
   0.36683379347645473,
   0.20834600015536273,
   0.0,
   0.4056772577409585,
   0.24311365584173675,
   0.11432857309472623,
   0.052120840908741334,
   0.44352975790056454,
   0.38104796190555834,
   0.37050989947115115,
   0.4173939599287782,
   0.4893397117206896,
   0.4773579753836882,
   0.5010711973971336,
   0.5504943370796485,
   0.5371196780434836,
   0.5567979191612227,
   0.5980004180822318,
   0.6385947777467733
  ],
  [
   0.5603791976576553,
   0.40231011827699154,
   0.304398376366038,
   0.29624969920250616,
   0.4056772577409585,
   0.0,
   0.20247342796707296,
   0.3200310435470303,
   0.44916750884912926,
   0.15542029227181642,
   0.27583363922968374,
   0.3976275904452088,
   0.5428154197007753,
   0.2945344115049706,
   0.34451820342488915,
   0.44957722695761665,
   0.5705873308185865,
   0.4124624869719386,
   0.45606497676695046,
   0.5272042680109691,
   0.6035351176728351
  ],
  [
   0.6830473780883555,
   0.507614001146714,
   0.3539161196064131,
   0.24256720753837638,
   0.24311365584173675,
   0.20247342796707296,
   0.0,
   0.13506736869876862,
   0.28389793565996535,
   0.2444898971284001,
   0.19683845114527063,
   0.253612650571081,
   0.3718507359790858,
   0.35629090777650063,
   0.3296276025340014,
   0.3757647918628584,
   0.45749480544095456,
   0.4571779019709921,
   0.4674092831037323,
   0.5106213868928795,
   0.5583185605433502
  ],
  [
   0.7161181770493528,
   0.5340711109888584,
   0.3641863405774008,
   0.21095638884808351,
   0.11432857309472623,
   0.3200310435470303,
   0.13506736869876862,
   0.0,
   0.15142898187354453,
   0.3586272011661736,
   0.2852277749041342,
   0.2865722411545158,
   0.35850613270358117,
   0.43350045659287856,
   0.40512768863353854,
   0.42891916716342837,
   0.4850889898817323,
   0.5065251848455691,
   0.5170758150198005,
   0.5550638685725195,
   0.5943203670912968
  ],
  [
   0.7479673327246316,
   0.5644663747389359,
   0.3937592527843804,
   0.2337828375286813,
   0.052120840908741334,
   0.44916750884912926,
   0.28389793565996535,
   0.15142898187354453,
   0.0,
   0.4933832157920685,
   0.42541801568881205,
   0.40425132164232747,
   0.43507491117353475,
   0.5414404475160279,
   0.5264238979855546,
   0.5428965225559574,
   0.5822827742994096,
   0.5874478595734903,
   0.6063722059679081,
   0.6448974784592553,
   0.6813571541333675
  ],
  [
   0.5866038769976121,
   0.48073671855823935,
   0.4096770015462318,
   0.38908120348255526,
   0.44352975790056454,
   0.15542029227181642,
   0.2444898971284001,
   0.3586272011661736,
   0.4933832157920685,
   0.0,
   0.19460639835649488,
   0.335836228584524,
   0.4932777377703221,
   0.1650151131982034,
   0.2004998783658612,
   0.32611166413775833,
   0.46634990777981766,
   0.2976344894640951,
   0.3161003474021597,
   0.38040003884359846,
   0.4585321037246123
  ],
  [
   0.7487238521884322,
   0.6224651310085489,
   0.5063514358517923,
   0.4191795156765434,
   0.38104796190555834,
   0.27583363922968374,
   0.19683845114527063,
   0.2852277749041342,
   0.42541801568881205,
   0.19460639835649488,
   0.0,
   0.14253167467258648,
   0.30061240775224596,
   0.27943452218700415,
   0.16663683077036887,
   0.19004442396193943,
   0.29497697047478555,
   0.38656768355655813,
   0.34780082498419707,
   0.3598268890507351,
   0.39018593051039596
  ],
  [
   0.8638524048133419,
   0.7278340593058666,
   0.5918774828560557,
   0.472702721062503,
   0.37050989947115115,
   0.3976275904452088,
   0.253612650571081,
   0.2865722411545158,
   0.40425132164232747,
   0.335836228584524,
   0.14253167467258648,
   0.0,
   0.15814396795620683,
   0.400133132435471,
   0.2601965392333152,
   0.18971556365463946,
   0.21056825241857643,
   0.48510327462491926,
   0.42607148155558794,
   0.4079210342199911,
   0.40042806525165386
  ],
  [
   1.0,
   0.856218975002031,
   0.7065531057639749,
   0.5667012142390964,
   0.4173939599287782,
   0.5428154197007753,
   0.3718507359790858,
   0.35850613270358117,
   0.43507491117353475,
   0.4932777377703221,
   0.30061240775224596,
   0.15814396795620683,
   0.0,
   0.5481496128984734,
   0.4018400657600333,
   0.2925007869379088,
   0.2162141749179065,
   0.6175483710342224,
   0.5478458178344667,
   0.5093598933861511,
   0.47104494046753426
  ],
  [
   0.5334986469629465,
   0.48798828308009534,
   0.45770395840862127,
   0.4526999603199288,
   0.4893397117206896,
   0.2945344115049706,
   0.35629090777650063,
   0.43350045659287856,
   0.5414404475160279,
   0.1650151131982034,
   0.27943452218700415,
   0.400133132435471,
   0.5481496128984734,
   0.0,
   0.17706510627426558,
   0.32737899262565145,
   0.48086928290654696,
   0.1347449909411831,
   0.17262156144838192,
   0.2669018278926871,
   0.37236328544536224
  ],
  [
   0.7052866582420656,
   0.6318829422641687,
   0.5585280528609022,
   0.5034013045637469,
   0.4773579753836882,
   0.34451820342488915,
   0.3296276025340014,
   0.40512768863353854,
   0.5264238979855546,
   0.2004998783658612,
   0.16663683077036887,
   0.2601965392333152,
   0.4018400657600333,
   0.17706510627426558,
   0.0,
   0.15219251176401485,
   0.30730061428442335,
   0.2609005166833845,
   0.19349048216745246,
   0.20495808772778076,
   0.2614436473131025
  ],
  [
   0.8491413805029935,
   0.7619824469004297,
   0.6650611844569932,
   0.5784979853440027,
   0.5010711973971336,
   0.44957722695761665,
   0.3757647918628584,
   0.42891916716342837,
   0.5428965225559574,
   0.32611166413775833,
   0.19004442396193943,
   0.18971556365463946,
   0.2925007869379088,
   0.32737899262565145,
   0.15219251176401485,
   0.0,
   0.1557768971266365,
   0.3917479018118811,
   0.2956676401310769,
   0.24549111934216292,
   0.2255243904735209
  ],
  [
   0.9935477425069634,
   0.8931326432976192,
   0.7775698985274032,
   0.6676803399844937,
   0.5504943370796485,
   0.5705873308185865,
   0.45749480544095456,
   0.4850889898817323,
   0.5822827742994096,
   0.46634990777981766,
   0.29497697047478555,
   0.21056825241857643,
   0.2162141749179065,
   0.48086928290654696,
   0.30730061428442335,
   0.1557768971266365,
   0.0,
   0.5371633813488041,
   0.4345074498499106,
   0.3624634588598106,
   0.2945660211888329
  ],
  [
   0.5072464361907739,
   0.5100516772734044,
   0.5080509142459051,
   0.5126717281890505,
   0.5371196780434836,
   0.4124624869719386,
   0.4571779019709921,
   0.5065251848455691,
   0.5874478595734903,
   0.2976344894640951,
   0.38656768355655813,
   0.48510327462491926,
   0.6175483710342224,
   0.1347449909411831,
   0.2609005166833845,
   0.3917479018118811,
   0.5371633813488041,
   0.0,
   0.1285869415914486,
   0.24290433380491336,
   0.3615043317146651
  ],
  [
   0.6355481149731755,
   0.6243375872491775,
   0.5970476407928605,
   0.572121607707919,
   0.5567979191612227,
   0.45606497676695046,
   0.4674092831037323,
   0.5170758150198005,
   0.6063722059679081,
   0.3161003474021597,
   0.34780082498419707,
   0.42607148155558794,
   0.5478458178344667,
   0.17262156144838192,
   0.19349048216745246,
   0.2956676401310769,
   0.4345074498499106,
   0.1285869415914486,
   0.0,
   0.11475418431527508,
   0.2339256383658205
  ],
  [
   0.7500634026074088,
   0.7321439807707015,
   0.6896476468029444,
   0.6447472739554181,
   0.5980004180822318,
   0.5272042680109691,
   0.5106213868928795,
   0.5550638685725195,
   0.6448974784592553,
   0.38040003884359846,
   0.3598268890507351,
   0.4079210342199911,
   0.5093598933861511,
   0.2669018278926871,
   0.20495808772778076,
   0.24549111934216292,
   0.3624634588598106,
   0.24290433380491336,
   0.11475418431527508,
   0.0,
   0.12044545662643402
  ],
  [
   0.8677051779133977,
   0.838419365885091,
   0.7794490320269565,
   0.7150591963417513,
   0.6385947777467733,
   0.6035351176728351,
   0.5583185605433502,
   0.5943203670912968,
   0.6813571541333675,
   0.4585321037246123,
   0.39018593051039596,
   0.40042806525165386,
   0.47104494046753426,
   0.37236328544536224,
   0.2614436473131025,
   0.2255243904735209,
   0.2945660211888329,
   0.3615043317146651,
   0.2339256383658205,
   0.12044545662643402,
   0.0
  ]
 ]
}