{
 "10": [
  [
   0.0,
   0.2829484452948646,
   0.4991720270381514,
   0.6637962011206515,
   0.8707942098437881,
   0.6665138050101557,
   0.8310299363635695,
   0.9203404231033641,
   1.0,
   0.6968615714350014,
   0.8161348378517485,
   0.7329045972843662,
   0.5865904429128765,
   0.6332768596604227,
   0.7398046733386328,
   0.642400963298553,
   0.5201753634487307,
   0.6020739303173971,
   0.6659910831106396,
   0.6049892081530905,
   0.5139868793348448
  ],
  [
   0.2829484452948646,
   0.0,
   0.22481612950877897,
   0.410308983968233,
   0.6443575288019819,
   0.4783054986131545,
   0.6369692048095573,
   0.7238542635562423,
   0.8064613593497652,
   0.5707164786499141,
   0.6699440719203397,
   0.5752150249889616,
   0.42900168887926315,
   0.5789040417969278,
   0.6372801762944945,
   0.5337444161790559,
   0.43582465136760035,
   0.6050358711069935,
   0.6179421006125864,
   0.55593670406924,
   0.4908357986408337
  ],
  [
   0.4991720270381514,
   0.22481612950877897,
   0.0,
   0.19765408195482714,
   0.44746728778857303,
   0.3612771913584422,
   0.4749356813063622,
   0.5482756144144658,
   0.6292293168322732,
   0.4936964973556319,
   0.5478990358422319,
   0.44904703527822176,
   0.33215723125491603,
   0.557584832540576,
   0.5574675447617644,
   0.46304115360743636,
   0.41646716523014704,
   0.6215042056179282,
   0.588195174557633,
   0.5355924084637673,
   0.5082100953156661
  ],
  [
   0.6637962011206515,
   0.410308983968233,
   0.19765408195482714,
   0.0,
   0.25777646801098,
   0.3049074094762415,
   0.31922038071992587,
   0.366079337677216,
   0.4459223791168663,
   0.43112144224881427,
   0.4173326879410339,
   0.3219411190436511,
   0.2719142739259795,
   0.5252138172144228,
   0.4638662047217104,
   0.3933327272214483,
   0.41471906499235844,
   0.6098013744277189,
   0.5374564614149088,
   0.502410956751703,
   0.5168981115233939
  ],
  [
   0.8707942098437881,
   0.6443575288019819,
   0.44746728778857303,
   0.25777646801098,
   0.0,
   0.32138336736920975,
   0.14901927076154198,
   0.14797398164411038,
   0.27715100365897777,
   0.3900852575652111,
   0.2864009261026187,
   0.2711712468634831,
   0.3688312979690589,
   0.5179423711368992,
   0.40132634376671295,
   0.4163736093568233,
   0.5299533241888819,
   0.6286712064476877,
   0.5301829920770703,
   0.5437731291565026,
   0.6134418462375772
  ],
  [
   0.6665138050101557,
   0.4783054986131545,
   0.3612771913584422,
   0.3049074094762415,
   0.32138336736920975,
   0.0,
   0.24082334550336892,
   0.3936257613117431,
   0.5554758633294214,
   0.1844562213356068,
   0.32052344992559645,
   0.34961617147982227,
   0.3844770412584602,
   0.3497055275011459,
   0.3864591486320791,
   0.42706339850002806,
   0.5118337133360846,
   0.48972214394346286,
   0.47280390267269384,
   0.5123637537741351,
   0.5651700267673483
  ],
  [
   0.8310299363635695,
   0.6369692048095573,
   0.4749356813063622,
   0.31922038071992587,
   0.14901927076154198,
   0.24082334550336892,
   0.0,
   0.1608723416132326,
   0.3368889242941933,
   0.2546663687769717,
   0.1663803440791974,
   0.225752099870028,
   0.3581989809819829,
   0.3917570689568082,
   0.2984902834348292,
   0.36746664193728207,
   0.5086746154184805,
   0.5181290203476526,
   0.43611038836209526,
   0.4824227636716744,
   0.5696391463587638
  ],
  [
   0.9203404231033641,
   0.7238542635562423,
   0.5482756144144658,
   0.366079337677216,
   0.14797398164411038,
   0.3936257613117431,
   0.1608723416132326,
   0.0,
   0.17977473654150927,
   0.3932281818570013,
   0.20981974949305662,
   0.2195743967791635,
   0.3721805492806766,
   0.48526701041228826,
   0.32536396140898255,
   0.37001099146135125,
   0.5172796256197416,
   0.5813713814707823,
   0.46382380341059687,
   0.4922361041048334,
   0.5843436043487101
  ],
  [
   1.0,
   0.8064613593497652,
   0.6292293168322732,
   0.4459223791168663,
   0.27715100365897777,
   0.5554758633294214,
   0.3368889242941933,
   0.17977473654150927,
   0.0,
   0.55367220468804,
   0.34664674687212677,
   0.29649777146586287,
   0.41658507394981803,
   0.6076816802416644,
   0.4148029084456791,
   0.4117285864629122,
   0.5371667904584981,
   0.6691469534860784,
   0.5282472622754055,
   0.5261017879513693,
   0.6085368408407559
  ],
  [
   0.6968615714350014,
   0.5707164786499141,
   0.4936964973556319,
   0.43112144224881427,
   0.3900852575652111,
   0.1844562213356068,
   0.2546663687769717,
   0.3932281818570013,
   0.55367220468804,
   0.0,
   0.2297694122435592,
   0.31556605964858214,
   0.39415959435525416,
   0.1958622563294872,
   0.2672919538962627,
   0.3714698778571557,
   0.4943376842816824,
   0.35322205279416835,
   0.3500376333125492,
   0.43241690410311795,
   0.514324104531698
  ],
  [
   0.8161348378517485,
   0.6699440719203397,
   0.5478990358422319,
   0.4173326879410339,
   0.2864009261026187,
   0.32052344992559645,
   0.1663803440791974,
   0.20981974949305662,
   0.34664674687212677,
   0.2297694122435592,
   0.0,
   0.1672743190416091,
   0.33379036300326853,
   0.28639796076470037,
   0.14952999142932397,
   0.27754099549888733,
   0.45016487752048906,
   0.3923039825200725,
   0.2976478769006212,
   0.37162831477355324,
   0.48257036488463934
  ],
  [
   0.7329045972843662,
   0.5752150249889616,
   0.44904703527822176,
   0.3219411190436511,
   0.2711712468634831,
   0.34961617147982227,
   0.225752099870028,
   0.2195743967791635,
   0.29649777146586287,
   0.31556605964858214,
   0.1672743190416091,
   0.0,
   0.18176638548441393,
   0.3317230444122221,
   0.16956681030185422,
   0.15322831750063282,
   0.3091403612556612,
   0.3937557231900542,
   0.2716580777494614,
   0.2780272008782712,
   0.3670239898699
  ],
  [
   0.5865904429128765,
   0.42900168887926315,
   0.33215723125491603,
   0.2719142739259795,
   0.3688312979690589,
   0.3844770412584602,
   0.3581989809819829,
   0.3721805492806766,
   0.41658507394981803,
   0.39415959435525416,
   0.33379036300326853,
   0.18176638548441393,
   0.0,
   0.37862953107700525,
   0.2880935363371985,
   0.1424144875117956,
   0.16253866630378497,
   0.40201743011533775,
   0.3072209913129861,
   0.23781671864076956,
   0.25758011385996415
  ],
  [
   0.6332768596604227,
   0.5789040417969278,
   0.557584832540576,
   0.5252138172144228,
   0.5179423711368992,
   0.3497055275011459,
   0.3917570689568082,
   0.48526701041228826,
   0.6076816802416644,
   0.1958622563294872,
   0.28639796076470037,
   0.3317230444122221,
   0.37862953107700525,
   0.0,
   0.2097563125875781,
   0.30546442192987017,
   0.41505429626236345,
   0.15991656689346076,
   0.20370155638241547,
   0.3066694118627328,
   0.39211750785132915
  ],
  [
   0.7398046733386328,
   0.6372801762944945,
   0.5574675447617644,
   0.4638662047217104,
   0.40132634376671295,
   0.3864591486320791,
   0.2984902834348292,
   0.32536396140898255,
   0.4148029084456791,
   0.2672919538962627,
   0.14952999142932397,
   0.16956681030185422,
   0.2880935363371985,
   0.2097563125875781,
   0.0,
   0.1802741568304572,
   0.3548477277648524,
   0.26378713955895994,
   0.1492836184404578,
   0.2376488386813138,
   0.3594362843412119
  ],
  [
   0.642400963298553,
   0.5337444161790559,
   0.46304115360743636,
   0.3933327272214483,
   0.4163736093568233,
   0.42706339850002806,
   0.36746664193728207,
   0.37001099146135125,
   0.4117285864629122,
   0.3714698778571557,
   0.27754099549888733,
   0.15322831750063282,
   0.1424144875117956,
   0.30546442192987017,
   0.1802741568304572,
   0.0,
   0.1826770224690273,
   0.3041408208208558,
   0.17887825422968284,
   0.1293333307391662,
   0.2172019051494805
  ],
  [
   0.5201753634487307,
   0.43582465136760035,
   0.41646716523014704,
   0.41471906499235844,
   0.5299533241888819,
   0.5118337133360846,
   0.5086746154184805,
   0.5172796256197416,
   0.5371667904584981,
   0.4943376842816824,
   0.45016487752048906,
   0.3091403612556612,
   0.16253866630378497,
   0.41505429626236345,
   0.3548477277648524,
   0.1826770224690273,
   0.0,
   0.3742851194937189,
   0.2995766073510906,
   0.17547928798518475,
   0.11583879907079193
  ],
  [
   0.6020739303173971,
   0.6050358711069935,
   0.6215042056179282,
   0.6098013744277189,
   0.6286712064476877,
   0.48972214394346286,
   0.5181290203476526,
   0.5813713814707823,
   0.6691469534860784,
   0.35322205279416835,
   0.3923039825200725,
   0.3937557231900542,
   0.40201743011533775,
   0.15991656689346076,
   0.26378713955895994,
   0.3041408208208558,
   0.3742851194937189,
   0.0,
   0.1534308850562434,
   0.23791658141631988,
   0.30903739052439916
  ],
  [
   0.6659910831106396,
   0.6179421006125864,
   0.588195174557633,
   0.5374564614149088,
   0.5301829920770703,
   0.47280390267269384,
   0.43611038836209526,
   0.46382380341059687,
   0.5282472622754055,
   0.3500376333125492,
   0.2976478769006212,
   0.2716580777494614,
   0.3072209913129861,
   0.20370155638241547,
   0.1492836184404578,
   0.17887825422968284,
   0.2995766073510906,
   0.1534308850562434,
   0.0,
   0.1378590432773893,
   0.2584105055479178
  ],
  [
   0.6049892081530905,
   0.55593670406924,
   0.5355924084637673,
   0.502410956751703,
   0.5437731291565026,
   0.5123637537741351,
   0.4824227636716744,
   0.4922361041048334,
   0.5261017879513693,
   0.43241690410311795,
   0.37162831477355324,
   0.2780272008782712,
   0.23781671864076956,
   0.3066694118627328,
   0.2376488386813138,
   0.1293333307391662,
   0.17547928798518475,
   0.23791658141631988,
   0.1378590432773893,
   0.0,
   0.13116843138064369
  ],
  [
   0.5139868793348448,
   0.4908357986408337,
   0.5082100953156661,
   0.5168981115233939,
   0.6134418462375772,
   0.5651700267673483,
   0.5696391463587638,
   0.5843436043487101,
   0.6085368408407559,
   0.514324104531698,
   0.48257036488463934,
   0.3670239898699,
   0.25758011385996415,
   0.39211750785132915,
   0.3594362843412119,
   0.2172019051494805,
   0.11583879907079193,
   0.30903739052439916,
   0.2584105055479178,
   0.13116843138064369,
   0.0
  ]
 ],
 "15": [
  [
   0.0,
   0.2341376310617073,
   0.4018730587735244,
   0.5342069318518179,
   0.6445438278259605,
   0.5508614140261936,
   0.7347694552278301,
   0.8561866608441897,
   1.0,
   0.5757931801301084,
   0.6480018790314707,
   0.5732173791104974,
   0.45520439354042314,
   0.5231156433092757,
   0.5960014273205891,
   0.5074728898467536,
   0.38363784750919766,
   0.4972353190116235,
   0.5507453969686075,
   0.48674911890561207,
   0.3805455351039917
  ],
  [
   0.2341376310617073,
   0.0,
   0.18356298553848574,
   0.3383848778551462,
   0.4965727649756048,
   0.39513784713304306,
   0.5895595984252225,
   0.7147447773085578,
   0.8586447027677211,
   0.4714582146130433,
   0.5264222877471764,
   0.44198053202169046,
   0.305135715572005,
   0.4782720289880916,
   0.5129825365507988,
   0.4134572265600524,
   0.2755909795322964,
   0.49989078332490855,
   0.5150363395054,
   0.4440958822676916,
   0.346472394082729
  ],
  [
   0.4018730587735244,
   0.18356298553848574,
   0.0,
   0.16236183365110393,
   0.3482300398183424,
   0.3061628291404915,
   0.4808724660088573,
   0.5962263330488119,
   0.73287903779037,
   0.403560156349576,
   0.4112564204468021,
   0.3168725295922384,
   0.18411555601861315,
   0.4448563198181446,
   0.4269123464850938,
   0.3249221321987608,
   0.21382089874013016,
   0.49017558098271236,
   0.46545789351603395,
   0.39535277088957776,
   0.3287287956313061
  ],
  [
   0.5342069318518179,
   0.3383848778551462,
   0.16236183365110393,
   0.0,
   0.20373829129732132,
   0.2862811315865013,
   0.4064658873421299,
   0.49967853563805836,
   0.623477227507935,
   0.36554473994062614,
   0.30670339636351224,
   0.205647499137753,
   0.1308706460870371,
   0.41918794264844916,
   0.34501873820990675,
   0.2548445240696864,
   0.21742926042691244,
   0.47379178767289853,
   0.41288536435294604,
   0.35312493175606263,
   0.3310074947630638
  ],
  [
   0.6445438278259605,
   0.4965727649756048,
   0.3482300398183424,
   0.20373829129732132,
   0.0,
   0.34447038352203524,
   0.37779898533903417,
   0.42802109542502,
   0.5290280536661828,
   0.34440399281179573,
   0.18905140825767525,
   0.0967941991057717,
   0.1943524873372098,
   0.3664244673889778,
   0.22197852300942406,
   0.17796594337324256,
   0.26579259341860845,
   0.40828429705012975,
   0.307765159274011,
   0.27627249916171237,
   0.32153541354049914
  ],
  [
   0.5508614140261936,
   0.39513784713304306,
   0.3061628291404915,
   0.2862811315865013,
   0.34447038352203524,
   0.0,
   0.1975913280537302,
   0.32760477748258593,
   0.4729941335302179,
   0.15248596240258375,
   0.2559936717442217,
   0.28474130337427206,
   0.2852067228729718,
   0.28926726544921816,
   0.32033063721507965,
   0.3410902897624269,
   0.3437131249343331,
   0.4050619001325601,
   0.3998238262568423,
   0.4088464009626302,
   0.4005644823942364
  ],
  [
   0.7347694552278301,
   0.5895595984252225,
   0.4808724660088573,
   0.4064658873421299,
   0.37779898533903417,
   0.1975913280537302,
   0.0,
   0.1316195807012517,
   0.2767691885779065,
   0.18815839036226317,
   0.238240691654672,
   0.34128709734396456,
   0.41487930819974406,
   0.33864204698189404,
   0.3385086142454294,
   0.4224693693673011,
   0.4838065248226473,
   0.4658959572297093,
   0.44276124549811796,
   0.48871096539640485,
   0.5215164323617179
  ],
  [
   0.8561866608441897,
   0.7147447773085578,
   0.5962263330488119,
   0.49967853563805836,
   0.42802109542502,
   0.32760477748258593,
   0.1316195807012517,
   0.0,
   0.14616461152687724,
   0.2905767315876808,
   0.2879123587473234,
   0.4094335633177488,
   0.5107373002629877,
   0.41469696213581,
   0.389770308181457,
   0.49549596895984754,
   0.5816988235479386,
   0.5333585518933954,
   0.49766420400310407,
   0.5579016917918082,
   0.6102963768444752
  ],
  [
   1.0,
   0.8586447027677211,
   0.73287903779037,
   0.623477227507935,
   0.5290280536661828,
   0.4729941335302179,
   0.2767691885779065,
   0.14616461152687724,
   0.0,
   0.4303173488928164,
   0.4031324820849053,
   0.5258869627996284,
   0.6401263069394778,
   0.5380703886152561,
   0.4991551196289617,
   0.6132638098961375,
   0.7126247772134083,
   0.6476036638951723,
   0.6045795630168038,
   0.6723913383762794,
   0.7366336112837957
  ],
  [
   0.5757931801301084,
   0.4714582146130433,
   0.403560156349576,
   0.36554473994062614,
   0.34440399281179573,
   0.15248596240258375,
   0.18815839036226317,
   0.2905767315876808,
   0.4303173488928164,
   0.0,
   0.18820142160600184,
   0.26627197160720395,
   0.31721888705443624,
   0.16207374094090288,
   0.225937989650393,
   0.3046145308162705,
   0.35558274232317466,
   0.29220831670460135,
   0.29738393695463544,
   0.3446641624950598,
   0.36613137344006136
  ],
  [
   0.6480018790314707,
   0.5264222877471764,
   0.4112564204468021,
   0.30670339636351224,
   0.18905140825767525,
   0.2559936717442217,
   0.238240691654672,
   0.2879123587473234,
   0.4031324820849053,
   0.18820142160600184,
   0.0,
   0.1376445293798681,
   0.2647985342914438,
   0.22747938261286424,
   0.1189346889272182,
   0.21071201891598756,
   0.3213951966944348,
   0.3106773869786328,
   0.23838092138011086,
   0.2761984127716016,
   0.33768870289503655
  ],
  [
   0.5732173791104974,
   0.44198053202169046,
   0.3168725295922384,
   0.205647499137753,
   0.0967941991057717,
   0.28474130337427206,
   0.34128709734396456,
   0.4094335633177488,
   0.5258869627996284,
   0.26627197160720395,
   0.1376445293798681,
   0.0,
   0.14640218339977626,
   0.27394136922832274,
   0.14766679855056405,
   0.10740879125027938,
   0.207528454466843,
   0.31958971445030443,
   0.2318131657226306,
   0.20716458674668253,
   0.24948459298329312
  ],
  [
   0.45520439354042314,
   0.305135715572005,
   0.18411555601861315,
   0.1308706460870371,
   0.1943524873372098,
   0.2852067228729718,
   0.41487930819974406,
   0.5107373002629877,
   0.6401263069394778,
   0.31721888705443624,
   0.2647985342914438,
   0.14640218339977626,
   0.0,
   0.32298269256098694,
   0.25882040129146544,
   0.14386392540778412,
   0.09608480416485421,
   0.3549299026454914,
   0.2996135492072018,
   0.22984815193227712,
   0.2009366344981965
  ],
  [
   0.5231156433092757,
   0.4782720289880916,
   0.4448563198181446,
   0.41918794264844916,
   0.3664244673889778,
   0.28926726544921816,
   0.33864204698189404,
   0.41469696213581,
   0.5380703886152561,
   0.16207374094090288,
   0.22747938261286424,
   0.27394136922832274,
   0.32298269256098694,
   0.0,
   0.17155914878731668,
   0.25481702709245285,
   0.32050214913120983,
   0.13225479117340064,
   0.1728172918064405,
   0.24225564324085253,
   0.2759028190448262
  ],
  [
   0.5960014273205891,
   0.5129825365507988,
   0.4269123464850938,
   0.34501873820990675,
   0.22197852300942406,
   0.32033063721507965,
   0.3385086142454294,
   0.389770308181457,
   0.4991551196289617,
   0.225937989650393,
   0.1189346889272182,
   0.14766679855056405,
   0.25882040129146544,
   0.17155914878731668,
   0.0,
   0.14961849901688032,
   0.2800842990346465,
   0.2095571755336571,
   0.12015729486012462,
   0.1746563638846058,
   0.25558571350563336
  ],
  [
   0.5074728898467536,
   0.4134572265600524,
   0.3249221321987608,
   0.2548445240696864,
   0.17796594337324256,
   0.3410902897624269,
   0.4224693693673011,
   0.49549596895984754,
   0.6132638098961375,
   0.3046145308162705,
   0.21071201891598756,
   0.10740879125027938,
   0.14386392540778412,
   0.25481702709245285,
   0.14961849901688032,
   0.0,
   0.14776079122586672,
   0.2565257147806461,
   0.16985042965119457,
   0.10608255673372473,
   0.15042118383233058
  ],
  [
   0.38363784750919766,
   0.2755909795322964,
   0.21382089874013016,
   0.21742926042691244,
   0.26579259341860845,
   0.3437131249343331,
   0.4838065248226473,
   0.5816988235479386,
   0.7126247772134083,
   0.35558274232317466,
   0.3213951966944348,
   0.207528454466843,
   0.09608480416485421,
   0.32050214913120983,
   0.2800842990346465,
   0.14776079122586672,
   0.0,
   0.3197197392541403,
   0.2803065261207447,
   0.18987166412825998,
   0.12259743840570925
  ],
  [
   0.4972353190116235,
   0.49989078332490855,
   0.49017558098271236,
   0.47379178767289853,
   0.40828429705012975,
   0.4050619001325601,
   0.4658959572297093,
   0.5333585518933954,
   0.6476036638951723,
   0.29220831670460135,
   0.3106773869786328,
   0.31958971445030443,
   0.3549299026454914,
   0.13225479117340064,
   0.2095571755336571,
   0.2565257147806461,
   0.3197197392541403,
   0.0,
   0.12343571181942262,
   0.18992573780943897,
   0.2289333609625671
  ],
  [
   0.5507453969686075,
   0.5150363395054,
   0.46545789351603395,
   0.41288536435294604,
   0.307765159274011,
   0.3998238262568423,
   0.44276124549811796,
   0.49766420400310407,
   0.6045795630168038,
   0.29738393695463544,
   0.23838092138011086,
   0.2318131657226306,
   0.2996135492072018,
   0.1728172918064405,
   0.12015729486012462,
   0.16985042965119457,
   0.2803065261207447,
   0.12343571181942262,
   0.0,
   0.1131785309702607,
   0.20440769430390276
  ],
  [
   0.48674911890561207,
   0.4440958822676916,
   0.39535277088957776,
   0.35312493175606263,
   0.27627249916171237,
   0.4088464009626302,
   0.48871096539640485,
   0.5579016917918082,
   0.6723913383762794,
   0.3446641624950598,
   0.2761984127716016,
   0.20716458674668253,
   0.22984815193227712,
   0.24225564324085253,
   0.1746563638846058,
   0.10608255673372473,
   0.18987166412825998,
   0.18992573780943897,
   0.1131785309702607,
   0.0,
   0.11027573619808359
  ],
  [
   0.3805455351039917,
   0.346472394082729,
   0.3287287956313061,
   0.3310074947630638,
   0.32153541354049914,
   0.4005644823942364,
   0.5215164323617179,
   0.6102963768444752,
   0.7366336112837957,
   0.36613137344006136,
   0.33768870289503655,
   0.24948459298329312,
   0.2009366344981965,
   0.2759028190448262,
   0.25558571350563336,
   0.15042118383233058,
   0.12259743840570925,
   0.2289333609625671,
   0.20440769430390276,
   0.11027573619808359,
   0.0
  ]
 ],
 "16": [
  [
   0.0,
   0.26083070223291605,
   0.44529178053235696,
   0.5930653729549126,
   0.7802126718586717,
   0.613337152646978,
   0.7835502171973314,
   0.8880547436421459,
   1.0,
   0.64179610354863,
   0.7483208397857549,
   0.6622498225301912,
   0.5167021397550231,
   0.5836814267922226,
   0.6833355486941343,
   0.5869825931623104,
   0.4535142095207842,
   0.5555137353448703,
   0.6080147506403739,
   0.5461170602698691,
   0.4522622117746038
  ],
  [
   0.26083070223291605,
   0.0,
   0.20755820074916423,
   0.38276375313338923,
   0.5984763081438671,
   0.4407842261865631,
   0.602054831332437,
   0.7025839274444208,
   0.813258761400359,
   0.526519683865764,
   0.6079810505900262,
   0.5104679473694615,
   0.3631902939355268,
   0.5344596222910757,
   0.5851110221215111,
   0.4821183246066092,
   0.36789712085954945,
   0.5587598060820204,
   0.5632200418669855,
   0.49782158626869305,
   0.42583288260356106
  ],
  [
   0.44529178053235696,
   0.20755820074916423,
   0.0,
   0.1824262006101992,
   0.40816856918910405,
   0.3378861185344266,
   0.4405814704905304,
   0.5197738858454803,
   0.6179205502949082,
   0.4419230622212082,
   0.463432737530344,
   0.35132795583142934,
   0.22091135725182243,
   0.4843390444035876,
   0.4696606752162438,
   0.3636577988019735,
   0.2941738835649466,
   0.5330834572052453,
   0.48947171656253935,
   0.42537453334654085,
   0.38788432948554624
  ],
  [
   0.5930653729549126,
   0.38276375313338923,
   0.1824262006101992,
   0.0,
   0.2301780768699479,
   0.32404549171236036,
   0.3239287523012523,
   0.3634261735225626,
   0.4409677280283347,
   0.4021790518134635,
   0.34111069086055346,
   0.21299445185426852,
   0.14891002048976823,
   0.4540666213288193,
   0.3686872227500281,
   0.2700201741743616,
   0.27561505663419267,
   0.510667685409674,
   0.4243905115106569,
   0.3700207825213268,
   0.3761082224818749
  ],
  [
   0.7802126718586717,
   0.5984763081438671,
   0.40816856918910405,
   0.2301780768699479,
   0.0,
   0.386811763832659,
   0.24099449273290244,
   0.1861169635327463,
   0.22402032019032744,
   0.4011038668360292,
   0.2274842317444384,
   0.15032847946653077,
   0.26693759112287535,
   0.45457519808622415,
   0.2906094125033842,
   0.26562225570769915,
   0.37815211434475043,
   0.5177270457503875,
   0.39652275747220345,
   0.3844470093577031,
   0.44962937991607527
  ],
  [
   0.613337152646978,
   0.4407842261865631,
   0.3378861185344266,
   0.32404549171236036,
   0.386811763832659,
   0.0,
   0.22263582564148138,
   0.3679397012060901,
   0.5290254851758139,
   0.17029863577788767,
   0.28536492948060826,
   0.30892423856067536,
   0.33232561500017394,
   0.32280623749591286,
   0.34692164533434494,
   0.3804755127926478,
   0.43805295462359856,
   0.45177160746967443,
   0.4327734095728028,
   0.462427952355359,
   0.49769387746045723
  ],
  [
   0.7835502171973314,
   0.602054831332437,
   0.4405814704905304,
   0.3239287523012523,
   0.24099449273290244,
   0.22263582564148138,
   0.0,
   0.149323676261555,
   0.31700882483327514,
   0.24261820693119843,
   0.15884800943275698,
   0.23275053901457518,
   0.35455643157510625,
   0.37927790393061356,
   0.2885995549565122,
   0.3575688720315592,
   0.477374007508174,
   0.5000301980316867,
   0.4267653540561246,
   0.4677906249746141,
   0.5391416818333088
  ],
  [
   0.8880547436421459,
   0.7025839274444208,
   0.5197738858454803,
   0.3634261735225626,
   0.1861169635327463,
   0.3679397012060901,
   0.149323676261555,
   0.0,
   0.16919528151090776,
   0.37143260319393406,
   0.20312976953310072,
   0.25754902406428004,
   0.40550575777725995,
   0.47386915148453385,
   0.328245569692677,
   0.3886192124994372,
   0.5241327586271951,
   0.5727991932762928,
   0.4708969715615186,
   0.5040084747233168,
   0.5858142511471225
  ],
  [
   1.0,
   0.813258761400359,
   0.6179205502949082,
   0.4409677280283347,
   0.22402032019032744,
   0.5290254851758139,
   0.31700882483327514,
   0.16919528151090776,
   0.0,
   0.5284742238489251,
   0.33253052771323816,
   0.34813798722729256,
   0.4894218495393608,
   0.6025585057839729,
   0.4269335768906718,
   0.4617982327953952,
   0.5947097517946199,
   0.6768233539580345,
   0.5544592475512252,
   0.5715896148359957,
   0.6545957448425305
  ],
  [
   0.64179610354863,
   0.526519683865764,
   0.4419230622212082,
   0.4021790518134635,
   0.4011038668360292,
   0.17029863577788767,
   0.24261820693119843,
   0.37143260319393406,
   0.5284742238489251,
   0.0,
   0.2132034183369246,
   0.2899369230410694,
   0.3528084444386332,
   0.1808128785433554,
   0.23882715842733543,
   0.3330624873954616,
   0.4274576582968718,
   0.3257840631591415,
   0.3217259387949194,
   0.3929430251183043,
   0.45545369193978047
  ],
  [
   0.7483208397857549,
   0.6079810505900262,
   0.463432737530344,
   0.34111069086055346,
   0.2274842317444384,
   0.28536492948060826,
   0.15884800943275698,
   0.20312976953310072,
   0.33253052771323816,
   0.2132034183369246,
   0.0,
   0.1559015675566889,
   0.3068375837661411,
   0.27386780382774656,
   0.13732789445965932,
   0.24808769784690624,
   0.3979969111208641,
   0.3725438784430938,
   0.2843198440466461,
   0.3443603083725182,
   0.436286313913899
  ],
  [
   0.6622498225301912,
   0.5104679473694615,
   0.35132795583142934,
   0.21299445185426852,
   0.15032847946653077,
   0.30892423856067536,
   0.23275053901457518,
   0.25754902406428004,
   0.34813798722729256,
   0.2899369230410694,
   0.1559015675566889,
   0.0,
   0.16753556848983264,
   0.31224446367933273,
   0.16765035252975863,
   0.13675958429568377,
   0.26898467280046034,
   0.3720900287488906,
   0.26088878025713647,
   0.2578207716245514,
   0.32902181692662763
  ],
  [
   0.5167021397550231,
   0.3631902939355268,
   0.22091135725182243,
   0.14891002048976823,
   0.26693759112287535,
   0.33232561500017394,
   0.35455643157510625,
   0.40550575777725995,
   0.4894218495393608,
   0.3528084444386332,
   0.3068375837661411,
   0.16753556848983264,
   0.0,
   0.3467638255075949,
   0.27779758522193165,
   0.1454716030703009,
   0.13891990953610855,
   0.37516584912838197,
   0.29242735613415116,
   0.2261746682582206,
   0.23213711994773625
  ],
  [
   0.5836814267922226,
   0.5344596222910757,
   0.4843390444035876,
   0.4540666213288193,
   0.45457519808622415,
   0.32280623749591286,
   0.37927790393061356,
   0.47386915148453385,
   0.6025585057839729,
   0.1808128785433554,
   0.27386780382774656,
   0.31224446367933273,
   0.3467638255075949,
   0.0,
   0.19472576169099404,
   0.27810303190999913,
   0.3606971406185794,
   0.14732445036767122,
   0.18755002968149567,
   0.2803452285377358,
   0.3472359023174397
  ],
  [
   0.6833355486941343,
   0.5851110221215111,
   0.4696606752162438,
   0.3686872227500281,
   0.2906094125033842,
   0.34692164533434494,
   0.2885995549565122,
   0.328245569692677,
   0.4269335768906718,
   0.23882715842733543,
   0.13732789445965932,
   0.16765035252975863,
   0.27779758522193165,
   0.19472576169099404,
   0.0,
   0.16756583454974944,
   0.32178345654052215,
   0.2510047136251108,
   0.14876220778206045,
   0.2278402586472512,
   0.3320030038651809
  ],
  [
   0.5869825931623104,
   0.4821183246066092,
   0.3636577988019735,
   0.2700201741743616,
   0.26562225570769915,
   0.3804755127926478,
   0.3575688720315592,
   0.3886192124994372,
   0.4617982327953952,
   0.3330624873954616,
   0.24808769784690624,
   0.13675958429568377,
   0.1454716030703009,
   0.27810303190999913,
   0.16756583454974944,
   0.0,
   0.16602206538608916,
   0.28322989698609785,
   0.16598774323154852,
   0.12242461769951749,
   0.19974206685504928
  ],
  [
   0.4535142095207842,
   0.36789712085954945,
   0.2941738835649466,
   0.27561505663419267,
   0.37815211434475043,
   0.43805295462359856,
   0.477374007508174,
   0.5241327586271951,
   0.5947097517946199,
   0.4274576582968718,
   0.3979969111208641,
   0.26898467280046034,
   0.13891990953610855,
   0.3606971406185794,
   0.32178345654052215,
   0.16602206538608916,
   0.0,
   0.33318743308371074,
   0.2666282013567516,
   0.15690829755211763,
   0.10412468600915968
  ],
  [
   0.5555137353448703,
   0.5587598060820204,
   0.5330834572052453,
   0.510667685409674,
   0.5177270457503875,
   0.45177160746967443,
   0.5000301980316867,
   0.5727991932762928,
   0.6768233539580345,
   0.3257840631591415,
   0.3725438784430938,
   0.3720900287488906,
   0.37516584912838197,
   0.14732445036767122,
   0.2510047136251108,
   0.28322989698609785,
   0.33318743308371074,
   0.0,
   0.14169465016527028,
   0.2214588211750856,
   0.2782593039987811
  ],
  [
   0.6080147506403739,
   0.5632200418669855,
   0.48947171656253935,
   0.4243905115106569,
   0.39652275747220345,
   0.4327734095728028,
   0.4267653540561246,
   0.4708969715615186,
   0.5544592475512252,
   0.3217259387949194,
   0.2843198440466461,
   0.26088878025713647,
   0.29242735613415116,
   0.18755002968149567,
   0.14876220778206045,
   0.16598774323154852,
   0.2666282013567516,
   0.14169465016527028,
   0.0,
   0.12722511169402845,
   0.23132586883248682
  ],
  [
   0.5461170602698691,
   0.49782158626869305,
   0.42537453334654085,
   0.3700207825213268,
   0.3844470093577031,
   0.462427952355359,
   0.4677906249746141,
   0.5040084747233168,
   0.5715896148359957,
   0.3929430251183043,
   0.3443603083725182,
   0.2578207716245514,
   0.2261746682582206,
   0.2803452285377358,
   0.2278402586472512,
   0.12242461769951749,
   0.15690829755211763,
   0.2214588211750856,
   0.12722511169402845,
   0.0,
   0.11671815720175792
  ],
  [
   0.4522622117746038,
   0.42583288260356106,
   0.38788432948554624,
   0.3761082224818749,
   0.44962937991607527,
   0.49769387746045723,
   0.5391416818333088,
   0.5858142511471225,
   0.6545957448425305,
   0.45545369193978047,
   0.436286313913899,
   0.32902181692662763,
   0.23213711994773625,
   0.3472359023174397,
   0.3320030038651809,
   0.19974206685504928,
   0.10412468600915968,
   0.2782593039987811,
   0.23132586883248682,
   0.11671815720175792,
   0.0
  ]
 ],
 "30": [
  [
   0.0,
   0.23266632044663008,
   0.40406901782754095,
   0.526666201106815,
   0.6557663405192385,
   0.5466454775442819,
   0.736915854672545,
   0.8582416790982884,
   1.0,
   0.5708460045472571,
   0.6561201710129516,
   0.5868651718360398,
   0.5175374015119051,
   0.5183843047492016,
   0.6005695557414075,
   0.5291550064756267,
   0.4731053916981011,
   0.4927442236080197,
   0.5511433958210871,
   0.5035661873585436,
   0.44540711567505087
  ],
  [
   0.23266632044663008,
   0.0,
   0.18150291387405043,
   0.32756556171640944,
   0.4771778534583101,
   0.39187403702842827,
   0.5784943395719218,
   0.6955642202683578,
   0.833008291496875,
   0.4673812296352507,
   0.5342603180715173,
   0.450843670246927,
   0.36394269078674024,
   0.4742641109827894,
   0.5204599269555142,
   0.4379319102097803,
   0.37078354351127646,
   0.49592274950058496,
   0.520088516721082,
   0.46509067760521067,
   0.4051622511178857
  ],
  [
   0.40406901782754095,
   0.18150291387405043,
   0.0,
   0.15987535669936537,
   0.32622866819791785,
   0.26945543956983103,
   0.4326785100618759,
   0.540452606160125,
   0.6714506645471611,
   0.3800905822067217,
   0.4209176599982314,
   0.33912898647357914,
   0.263304325018301,
   0.4370200116549502,
   0.44750050271175745,
   0.3757120307451932,
   0.32991175953440277,
   0.49472985662099644,
   0.4908188728200833,
   0.44482494689240554,
   0.4046707947703789
  ],
  [
   0.526666201106815,
   0.32756556171640944,
   0.15987535669936537,
   0.0,
   0.18439260838300311,
   0.18648471836107228,
   0.2979870013576101,
   0.39208229079189333,
   0.5177916807727192,
   0.2931867806593959,
   0.289684385779343,
   0.22017216067909445,
   0.19519765223885133,
   0.37937008367162345,
   0.3500919321053724,
   0.30322745139776863,
   0.3039641157935626,
   0.4586639254312392,
   0.42906205514635565,
   0.39998011933336947,
   0.39002893512416426
  ],
  [
   0.6557663405192385,
   0.4771778534583101,
   0.32622866819791785,
   0.18439260838300311,
   0.0,
   0.302260454009933,
   0.3106708346796113,
   0.34936833685324287,
   0.44063170976936833,
   0.34666006080112466,
   0.23256247916909367,
   0.14657486657200727,
   0.16606008436744812,
   0.4115799651548585,
   0.3052606491562565,
   0.2572143701067647,
   0.2811041130233439,
   0.4765117144860339,
   0.40297040131102163,
   0.3715776564802173,
   0.3777661434053729
  ],
  [
   0.5466454775442819,
   0.39187403702842827,
   0.26945543956983103,
   0.18648471836107228,
   0.302260454009933,
   0.0,
   0.19555146351498903,
   0.32330035884662667,
   0.46944412607746483,
   0.15158226626615545,
   0.2538815547149677,
   0.2745715429372449,
   0.3281595253956618,
   0.28771850262842624,
   0.322773797341477,
   0.3514610216404327,
   0.411718990280492,
   0.40283812218795106,
   0.407665301122375,
   0.4261988403849446,
   0.45364112478353397
  ],
  [
   0.736915854672545,
   0.5784943395719218,
   0.4326785100618759,
   0.2979870013576101,
   0.3106708346796113,
   0.19555146351498903,
   0.0,
   0.13038157039221573,
   0.27744328980690847,
   0.21907018183949958,
   0.2318723824818929,
   0.3133009067618024,
   0.41449112585486536,
   0.3694664973635794,
   0.35151353355550297,
   0.421816468239433,
   0.5121364566216036,
   0.4929689211187033,
   0.4699392136160963,
   0.5091112485787945,
   0.5601583583695708
  ],
  [
   0.8582416790982884,
   0.6955642202683578,
   0.540452606160125,
   0.39208229079189333,
   0.34936833685324287,
   0.32330035884662667,
   0.13038157039221573,
   0.0,
   0.1472738679484226,
   0.32760947861218553,
   0.2819781970153138,
   0.37243153326899525,
   0.4835304543057694,
   0.4603460094725853,
   0.4090036269911039,
   0.4868688714425215,
   0.5833313217503391,
   0.5763108665810074,
   0.5352707565467204,
   0.5777704112754105,
   0.6357380063638405
  ],
  [
   1.0,
   0.833008291496875,
   0.6714506645471611,
   0.5177916807727192,
   0.44063170976936833,
   0.46944412607746483,
   0.27744328980690847,
   0.1472738679484226,
   0.0,
   0.46722141884389545,
   0.3927800829915316,
   0.4797722029726234,
   0.590632854219313,
   0.5868732683790048,
   0.5146321023399082,
   0.5931537079490662,
   0.6897618135995432,
   0.6947827396078792,
   0.6411165839263331,
   0.6842874003642538,
   0.7455429178060347
  ],
  [
   0.5708460045472571,
   0.4673812296352507,
   0.3800905822067217,
   0.2931867806593959,
   0.34666006080112466,
   0.15158226626615545,
   0.21907018183949958,
   0.32760947861218553,
   0.46722141884389545,
   0.0,
   0.18486936972297874,
   0.25928768980100064,
   0.358597618889306,
   0.16115521854735718,
   0.22337192120218555,
   0.3076025150944305,
   0.412236155998018,
   0.29049813812893316,
   0.30344568634354013,
   0.3575836725941278,
   0.41771955290241874
  ],
  [
   0.6561201710129516,
   0.5342603180715173,
   0.4209176599982314,
   0.289684385779343,
   0.23256247916909367,
   0.2538815547149677,
   0.2318723824818929,
   0.2819781970153138,
   0.3927800829915316,
   0.18486936972297874,
   0.0,
   0.13816342465052603,
   0.2809201895718134,
   0.2322829905817352,
   0.13061580587402724,
   0.21704832288565282,
   0.3413093512734404,
   0.3190273815390557,
   0.25826387484078694,
   0.29708041506480015,
   0.3658123228681289
  ],
  [
   0.5868651718360398,
   0.450843670246927,
   0.33912898647357914,
   0.22017216067909445,
   0.14657486657200727,
   0.2745715429372449,
   0.3133009067618024,
   0.37243153326899525,
   0.4797722029726234,
   0.25928768980100064,
   0.13816342465052603,
   0.0,
   0.14528834440663024,
   0.27957200945722904,
   0.16426460964796796,
   0.12715062316617912,
   0.21466321966209917,
   0.3327176269664513,
   0.25698568216737816,
   0.23819178315926265,
   0.27094640131093417
  ],
  [
   0.5175374015119051,
   0.36394269078674024,
   0.263304325018301,
   0.19519765223885133,
   0.16606008436744812,
   0.3281595253956618,
   0.41449112585486536,
   0.4835304543057694,
   0.590632854219313,
   0.358597618889306,
   0.2809201895718134,
   0.14528834440663024,
   0.0,
   0.36846648297217094,
   0.28330713608702923,
   0.1665875952847956,
   0.12412994215661205,
   0.39659030860568645,
   0.3313680265133163,
   0.2634445355566015,
   0.23339515995661947
  ],
  [
   0.5183843047492016,
   0.4742641109827894,
   0.4370200116549502,
   0.37937008367162345,
   0.4115799651548585,
   0.28771850262842624,
   0.3694664973635794,
   0.4603460094725853,
   0.5868732683790048,
   0.16115521854735718,
   0.2322829905817352,
   0.27957200945722904,
   0.36846648297217094,
   0.0,
   0.16773660979773325,
   0.25599786487049003,
   0.37124494510736505,
   0.13146536521518082,
   0.17619039882752346,
   0.25230905723622155,
   0.3293871734901066
  ],
  [
   0.6005695557414075,
   0.5204599269555142,
   0.44750050271175745,
   0.3500919321053724,
   0.3052606491562565,
   0.322773797341477,
   0.35151353355550297,
   0.4090036269911039,
   0.5146321023399082,
   0.22337192120218555,
   0.13061580587402724,
   0.16426460964796796,
   0.28330713608702923,
   0.16773660979773325,
   0.0,
   0.14804323468791591,
   0.292825607428166,
   0.2071248956097141,
   0.12846248600269913,
   0.18479577647679013,
   0.2750008931748606
  ],
  [
   0.5291550064756267,
   0.4379319102097803,
   0.3757120307451932,
   0.30322745139776863,
   0.2572143701067647,
   0.3514610216404327,
   0.421816468239433,
   0.4868688714425215,
   0.5931537079490662,
   0.3076025150944305,
   0.21704832288565282,
   0.12715062316617912,
   0.1665875952847956,
   0.25599786487049003,
   0.14804323468791591,
   0.0,
   0.14595039050313674,
   0.2560574336898473,
   0.16925343961973208,
   0.11443227212255962,
   0.15303735046459135
  ],
  [
   0.4731053916981011,
   0.37078354351127646,
   0.32991175953440277,
   0.3039641157935626,
   0.2811041130233439,
   0.411718990280492,
   0.5121364566216036,
   0.5833313217503391,
   0.6897618135995432,
   0.412236155998018,
   0.3413093512734404,
   0.21466321966209917,
   0.12412994215661205,
   0.37124494510736505,
   0.292825607428166,
   0.14595039050313674,
   0.0,
   0.3563998429851176,
   0.2903612586579925,
   0.1917629883114682,
   0.12428496819278811
  ],
  [
   0.4927442236080197,
   0.49592274950058496,
   0.49472985662099644,
   0.4586639254312392,
   0.4765117144860339,
   0.40283812218795106,
   0.4929689211187033,
   0.5763108665810074,
   0.6947827396078792,
   0.29049813812893316,
   0.3190273815390557,
   0.3327176269664513,
   0.39659030860568645,
   0.13146536521518082,
   0.2071248956097141,
   0.2560574336898473,
   0.3563998429851176,
   0.0,
   0.12008487181431626,
   0.19376289165178798,
   0.27371648995421916
  ],
  [
   0.5511433958210871,
   0.520088516721082,
   0.4908188728200833,
   0.42906205514635565,
   0.40297040131102163,
   0.407665301122375,
   0.4699392136160963,
   0.5352707565467204,
   0.6411165839263331,
   0.30344568634354013,
   0.25826387484078694,
   0.25698568216737816,
   0.3313680265133163,
   0.17619039882752346,
   0.12846248600269913,
   0.16925343961973208,
   0.2903612586579925,
   0.12008487181431626,
   0.0,
   0.1127546603625192,
   0.21870756300552321
  ],
  [
   0.5035661873585436,
   0.46509067760521067,
   0.44482494689240554,
   0.39998011933336947,
   0.3715776564802173,
   0.4261988403849446,
   0.5091112485787945,
   0.5777704112754105,
   0.6842874003642538,
   0.3575836725941278,
   0.29708041506480015,
   0.23819178315926265,
   0.2634445355566015,
   0.25230905723622155,
   0.18479577647679013,
   0.11443227212255962,
   0.1917629883114682,
   0.19376289165178798,
   0.1127546603625192,
   0.0,
   0.10881781781991925
  ],
  [
   0.44540711567505087,
