{
 "11": [
  [
   0.0,
   0.2698491282905317,
   0.47392447556742234,
   0.6518712415474648,
   0.8794802439541374,
   0.6342143850301875,
   0.8231507872784798,
   0.9250264299229345,
   1.0,
   0.6630156215185705,
   0.7617818978239057,
   0.6711757974280115,
   0.5351445234106219,
   0.6026480383802044,
   0.6861801141603856,
   0.5738249701720468,
   0.43431364268188105,
   0.573092925719028,
   0.6283255173280955,
   0.539008908156619,
   0.41699502412231654
  ],
  [
   0.2698491282905317,
   0.0,
   0.21458418004054916,
   0.40043976421329114,
   0.6354413509737835,
   0.455279044828576,
   0.670650162702885,
   0.7684548393017983,
   0.8313821804943169,
   0.543431612753338,
   0.6247347754160342,
   0.5185713877944254,
   0.36232367974581575,
   0.5516533695717667,
   0.5864835007989887,
   0.46397601358781565,
   0.3258597427379416,
   0.5768114566633155,
   0.5828318498501557,
   0.4928483746762463,
   0.3950784624344669
  ],
  [
   0.47392447556742234,
   0.21458418004054916,
   0.0,
   0.1878822171213659,
   0.4308829850518152,
   0.4085731260480708,
   0.6098467822454088,
   0.6804055714610759,
   0.7113770625375335,
   0.5279744017817488,
   0.5520979874179698,
   0.42720203292885034,
   0.27050469657780657,
   0.5765820935352729,
   0.5442209292166017,
   0.41657391514591385,
   0.30874298587862226,
   0.6248102574799587,
   0.5813704791410927,
   0.4947338873801426,
   0.4347156841093576
  ],
  [
   0.6518712415474648,
   0.40043976421329114,
   0.1878822171213659,
   0.0,
   0.24999351961344146,
   0.432585029685525,
   0.5874545277197644,
   0.6217566573953065,
   0.6148471372472831,
   0.5539688835691841,
   0.5171325415918219,
   0.38995097340406837,
   0.27925214871245435,
   0.6261619805059928,
   0.5380508036059142,
   0.4259356644521829,
   0.37461404873509957,
   0.686673785201677,
   0.606931967688858,
   0.5344569198324516,
   0.5139050949404311
  ],
  [
   0.8794802439541374,
   0.6354413509737835,
   0.4308829850518152,
   0.24999351961344146,
   0.0,
   0.49689489399611925,
   0.5609567284487855,
   0.5404354718671464,
   0.4817342499093796,
   0.5975611513925313,
   0.49584183844651014,
   0.40907069780862054,
   0.4019878957805514,
   0.6957344207502557,
   0.5598812403841128,
   0.5032902677170524,
   0.5323071184479778,
   0.7736068021448498,
   0.6650011979003236,
   0.6287878617950426,
   0.6570195250941347
  ],
  [
   0.6342143850301875,
   0.455279044828576,
   0.4085731260480708,
   0.432585029685525,
   0.49689489399611925,
   0.0,
   0.23008484578268953,
   0.35530186167070765,
   0.46978778611009636,
   0.17574721813987482,
   0.30621521791230155,
   0.32085502118661846,
   0.33338400897778403,
   0.3333648688076888,
   0.36031398544815285,
   0.3831249411254972,
   0.43487566335823963,
   0.4667692905941453,
   0.448923766733275,
   0.4633785814122844,
   0.48422284404994226
  ],
  [
   0.8231507872784798,
   0.670650162702885,
   0.6098467822454088,
   0.5874545277197644,
   0.5609567284487855,
   0.23008484578268953,
   0.0,
   0.15477513449541855,
   0.3153898202461595,
   0.17384933261363736,
   0.22684837567967372,
   0.34733532888324253,
   0.45681196675816654,
   0.33576652701141824,
   0.33068593127864443,
   0.4437948600505829,
   0.565566852426035,
   0.48092990126483165,
   0.4468878763538185,
   0.5170507102258266,
   0.5880538472616567
  ],
  [
   0.9250264299229345,
   0.7684548393017983,
   0.6804055714610759,
   0.6217566573953065,
   0.5404354718671464,
   0.35530186167070765,
   0.15477513449541855,
   0.0,
   0.17181477547750532,
   0.2906290446302912,
   0.20353373771515204,
   0.34329011421668704,
   0.49185500354286193,
   0.4036758752698945,
   0.327214905257604,
   0.45838591997810807,
   0.6073289766994032,
   0.5259096449675393,
   0.456970262308068,
   0.5373357010974888,
   0.6317985686265988
  ],
  [
   1.0,
   0.8313821804943169,
   0.7113770625375335,
   0.6148471372472831,
   0.4817342499093796,
   0.46978778611009636,
   0.3153898202461595,
   0.17181477547750532,
   0.0,
   0.4252018972673207,
   0.2523147972551294,
   0.34677324022188716,
   0.5069309590691843,
   0.5058458336320235,
   0.3634145750912489,
   0.4711261648357017,
   0.626787216979105,
   0.5991349705575412,
   0.4938475811495569,
   0.5604331646964538,
   0.6650017127443033
  ],
  [
   0.6630156215185705,
   0.543431612753338,
   0.5279744017817488,
   0.5539688835691841,
   0.5975611513925313,
   0.17574721813987482,
   0.17384933261363736,
   0.2906290446302912,
   0.4252018972673207,
   0.0,
   0.22089468353498196,
   0.2981738179669146,
   0.3692517314607447,
   0.1866888894764389,
   0.25527207023216003,
   0.3443959454577469,
   0.4447688517089013,
   0.33656921691418884,
   0.33409888870214066,
   0.3928516301377706,
   0.4457344771691415
  ],
  [
   0.7617818978239057,
   0.6247347754160342,
   0.5520979874179698,
   0.5171325415918219,
   0.49584183844651014,
   0.30621521791230155,
   0.22684837567967372,
   0.20353373771515204,
   0.2523147972551294,
   0.22089468353498196,
   0.0,
   0.16096019499654204,
   0.320124124548107,
   0.264780122256959,
   0.13088057773556847,
   0.25789020819741737,
   0.4169023867988837,
   0.3610113134962428,
   0.268391899650101,
   0.3353208429590959,
   0.43328635874153754
  ],
  [
   0.6711757974280115,
   0.5185713877944254,
   0.42720203292885034,
   0.38995097340406837,
   0.40907069780862054,
   0.32085502118661846,
   0.34733532888324253,
   0.34329011421668704,
   0.34677324022188716,
   0.2981738179669146,
   0.16096019499654204,
   0.0,
   0.1736688583738484,
   0.3137267629543838,
   0.1566108488068753,
   0.13741581466594388,
   0.28018771665198566,
   0.37206821347103947,
   0.2581371519069503,
   0.2552209886193265,
   0.33236356329821515
  ],
  [
   0.5351445234106219,
   0.36232367974581575,
   0.27050469657780657,
   0.27925214871245435,
   0.4019878957805514,
   0.33338400897778403,
   0.45681196675816654,
   0.49185500354286193,
   0.5069309590691843,
   0.3692517314607447,
   0.320124124548107,
   0.1736688583738484,
   0.0,
   0.3765908583600342,
   0.2883531698874072,
   0.15252337362052334,
   0.1478247388532698,
   0.41330579250832544,
   0.3314037083588669,
   0.2580887365525389,
   0.2601996116431152
  ],
  [
   0.6026480383802044,
   0.5516533695717667,
   0.5765820935352729,
   0.6261619805059928,
   0.6957344207502557,
   0.3333648688076888,
   0.33576652701141824,
   0.4036758752698945,
   0.5058458336320235,
   0.1866888894764389,
   0.264780122256959,
   0.3137267629543838,
   0.3765908583600342,
   0.0,
   0.2012639978545874,
   0.2897202356362869,
   0.39350412184208844,
   0.15229856702530725,
   0.19542752300644653,
   0.27459272639911186,
   0.3370945184566913
  ],
  [
   0.6861801141603856,
   0.5864835007989887,
   0.5442209292166017,
   0.5380508036059142,
   0.5598812403841128,
   0.36031398544815285,
   0.33068593127864443,
   0.327214905257604,
   0.3634145750912489,
   0.25527207023216003,
   0.13088057773556847,
   0.1566108488068753,
   0.2883531698874072,
   0.2012639978545874,
   0.0,
   0.17283787966037856,
   0.3410373023435452,
   0.25022485836640074,
   0.13867740061346678,
   0.21458150052104058,
   0.32539288195325966
  ],
  [
   0.5738249701720468,
   0.46397601358781565,
   0.41657391514591385,
   0.4259356644521829,
   0.5032902677170524,
   0.3831249411254972,
   0.4437948600505829,
   0.45838591997810807,
   0.4711261648357017,
   0.3443959454577469,
   0.25789020819741737,
   0.13741581466594388,
   0.15252337362052334,
   0.2897202356362869,
   0.17283787966037856,
   0.0,
   0.17608412994060377,
   0.295032392641064,
   0.18719572268207235,
   0.12736444362459126,
   0.19924867403432295
  ],
  [
   0.43431364268188105,
   0.3258597427379416,
   0.30874298587862226,
   0.37461404873509957,
   0.5323071184479778,
   0.43487566335823963,
   0.565566852426035,
   0.6073289766994032,
   0.626787216979105,
   0.4447688517089013,
   0.4169023867988837,
   0.28018771665198566,
   0.1478247388532698,
   0.39350412184208844,
   0.3410373023435452,
   0.17608412994060377,
   0.0,
   0.37873916611525943,
   0.32099150182817276,
   0.20424341793819406,
   0.1424936586936136
  ],
  [
   0.573092925719028,
   0.5768114566633155,
   0.6248102574799587,
   0.686673785201677,
   0.7736068021448498,
   0.4667692905941453,
   0.48092990126483165,
   0.5259096449675393,
   0.5991349705575412,
   0.33656921691418884,
   0.3610113134962428,
   0.37206821347103947,
   0.41330579250832544,
   0.15229856702530725,
   0.25022485836640074,
   0.295032392641064,
   0.37873916611525943,
   0.0,
   0.1472007187469091,
   0.21456586076829565,
   0.2741990028970389
  ],
  [
   0.6283255173280955,
   0.5828318498501557,
   0.5813704791410927,
   0.606931967688858,
   0.6650011979003236,
   0.448923766733275,
   0.4468878763538185,
   0.456970262308068,
   0.4938475811495569,
   0.33409888870214066,
   0.268391899650101,
   0.2581371519069503,
   0.3314037083588669,
   0.19542752300644653,
   0.13867740061346678,
   0.18719572268207235,
   0.32099150182817276,
   0.1472007187469091,
   0.0,
   0.13214633675738713,
   0.2496443350247069
  ],
  [
   0.539008908156619,
   0.4928483746762463,
   0.4947338873801426,
   0.5344569198324516,
   0.6287878617950426,
   0.4633785814122844,
   0.5170507102258266,
   0.5373357010974888,
   0.5604331646964538,
   0.3928516301377706,
   0.3353208429590959,
   0.2552209886193265,
   0.2580887365525389,
   0.27459272639911186,
   0.21458150052104058,
   0.12736444362459126,
   0.20424341793819406,
   0.21456586076829565,
   0.13214633675738713,
   0.0,
   0.13019616152048644
  ],
  [
   0.41699502412231654,
   0.3950784624344669,
   0.4347156841093576,
   0.5139050949404311,
   0.6570195250941347,
   0.48422284404994226,
   0.5880538472616567,
   0.6317985686265988,
   0.6650017127443033,
   0.4457344771691415,
   0.43328635874153754,
   0.33236356329821515,
   0.2601996116431152,
   0.3370945184566913,
   0.32539288195325966,
   0.19924867403432295,
   0.1424936586936136,
   0.2741990028970389,
   0.2496443350247069,
   0.13019616152048644,
   0.0
  ]
 ],
 "12": [
  [
   0.0,
   0.23692846030492393,
   0.40125905170867826,
   0.5563302736364769,
   0.7445092414990032,
   0.5572002629419678,
   0.7417999880046605,
   0.8600709503657612,
   1.0,
   0.5821944838625109,
   0.6138864662949833,
   0.4955048116843726,
   0.40299519306962023,
   0.5290172115410285,
   0.5587256413465167,
   0.4293223000263221,
   0.3204788579202775,
   0.5029653598903582,
   0.5254431760706015,
   0.4193279532518371,
   0.33451326631015105
  ],
  [
   0.23692846030492393,
   0.0,
   0.18922433585739593,
   0.3553589357825464,
   0.5642197064420232,
   0.3998223896464504,
   0.5981882334929668,
   0.7189939519391852,
   0.8564848792255818,
   0.4770390425527451,
   0.4851630264998152,
   0.35869571979648035,
   0.23199654617114376,
   0.48422387584443094,
   0.4714228319300371,
   0.34017072883465305,
   0.20333249957369756,
   0.5062823920854203,
   0.48633862098561587,
   0.39053384410016334,
   0.332616836942143
  ],
  [
   0.40125905170867826,
   0.18922433585739593,
   0.0,
   0.16640596315547887,
   0.3779072329211186,
   0.3163566434668508,
   0.4924560891653888,
   0.5974176936651817,
   0.7234322510105636,
   0.4063574137661238,
   0.35517801369732704,
   0.22819161416721398,
   0.13613009824154715,
   0.4403031810000646,
   0.3696853134565065,
   0.2555146615369887,
   0.17750627431151753,
   0.4809121428430991,
   0.41868938627994196,
   0.34636751135803695,
   0.3388832184966353
  ],
  [
   0.5563302736364769,
   0.3553589357825464,
   0.16640596315547887,
   0.0,
   0.2166737234401951,
   0.3173528619454641,
   0.43717596402561276,
   0.5144023476846343,
   0.6210316389563622,
   0.3996768641512012,
   0.2858897534351832,
   0.19716950790918839,
   0.20805088716650888,
   0.4537547068398361,
   0.3345997340097389,
   0.2726581719754323,
   0.27891383982937795,
   0.5062612547914636,
   0.4131813781234608,
   0.3778364274292354,
   0.41206878099661143
  ],
  [
   0.7445092414990032,
   0.5642197064420232,
   0.3779072329211186,
   0.2166737234401951,
   0.0,
   0.4536884507147381,
   0.4872486609367831,
   0.5090714232736641,
   0.5716560280290687,
   0.49555321993331336,
   0.32171383756302374,
   0.3060288713771817,
   0.3966173657544298,
   0.540581594562815,
   0.37987258588174533,
   0.3807784363665984,
   0.45538680534116716,
   0.5835839929561866,
   0.4646763114001448,
   0.46941789480903795,
   0.5432125702766244
  ],
  [
   0.5572002629419678,
   0.3998223896464504,
   0.3163566434668508,
   0.3173528619454641,
   0.4536884507147381,
   0.0,
   0.20278029862354788,
   0.33254171106343516,
   0.47464033621147,
   0.15447400677198733,
   0.24050445039917695,
   0.25215788844944653,
   0.20490948330869305,
   0.29303450630576455,
   0.3083859139881573,
   0.32416133433752947,
   0.28156531710834554,
   0.4102853820829928,
   0.3895484297157155,
   0.39383548910207605,
   0.3698768529956288
  ],
  [
   0.7417999880046605,
   0.5981882334929668,
   0.4924560891653888,
   0.43717596402561276,
   0.4872486609367831,
   0.20278029862354788,
   0.0,
   0.13491992217203297,
   0.2784098521366439,
   0.18377853401036978,
   0.25635024614211793,
   0.3585788500129218,
   0.38340783625457137,
   0.3338259103009897,
   0.3485383352066578,
   0.43864862645695046,
   0.45228607643595325,
   0.46244047342569705,
   0.4402116682290694,
   0.493830355521936,
   0.49675163275080036
  ],
  [
   0.8600709503657612,
   0.7189939519391852,
   0.5974176936651817,
   0.5144023476846343,
   0.5090714232736641,
   0.33254171106343516,
   0.13491992217203297,
   0.0,
   0.14505645095490896,
   0.2882602047524765,
   0.30917937160367404,
   0.43795435194811844,
   0.4948000731216224,
   0.4068993118329714,
   0.4010566984009925,
   0.5181179543909626,
   0.5605923292112942,
   0.523752445613039,
   0.4921132865088505,
   0.5668210093729114,
   0.5890175056986272
  ],
  [
   1.0,
   0.8564848792255818,
   0.7234322510105636,
   0.6210316389563622,
   0.5716560280290687,
   0.47464033621147,
   0.2784098521366439,
   0.14505645095490896,
   0.0,
   0.4287611582095357,
   0.4220196466416325,
   0.5572960840194509,
   0.6290818711886396,
   0.5303783345009425,
   0.510044362216044,
   0.6376002510829123,
   0.6952372407148308,
   0.6359684627743631,
   0.5977546560254994,
   0.6832228941796832,
   0.7176612753573555
  ],
  [
   0.5821944838625109,
   0.4770390425527451,
   0.4063574137661238,
   0.3996768641512012,
   0.49555321993331336,
   0.15447400677198733,
   0.18377853401036978,
   0.2882602047524765,
   0.4287611582095357,
   0.0,
   0.19459120335942592,
   0.25767326440113203,
   0.274150466336747,
   0.16403761390817315,
   0.2314064949403514,
   0.3030478214886593,
   0.3096410234211604,
   0.29579907201653177,
   0.2972616623013939,
   0.33793764656214154,
   0.32258306273139004
  ],
  [
   0.6138864662949833,
   0.4851630264998152,
   0.35517801369732704,
   0.2858897534351832,
   0.32171383756302374,
   0.24050445039917695,
   0.25635024614211793,
   0.30917937160367404,
   0.4220196466416325,
   0.19459120335942592,
   0.0,
   0.14296514347161854,
   0.2582984842235617,
   0.23106552823962379,
   0.1171667636004979,
   0.21676388866785287,
   0.2998273661264725,
   0.3091591817249452,
   0.22737698502634673,
   0.27805174235628893,
   0.3270258300368636
  ],
  [
   0.4955048116843726,
   0.35869571979648035,
   0.22819161416721398,
   0.19716950790918839,
   0.3060288713771817,
   0.25215788844944653,
   0.3585788500129218,
   0.43795435194811844,
   0.5572960840194509,
   0.25767326440113203,
   0.14296514347161854,
   0.0,
   0.15104042585460356,
   0.26492437617274683,
   0.1464136285028742,
   0.10707372937253408,
   0.18032112690809532,
   0.3108023850518253,
   0.2220083537169549,
   0.20543598898023516,
   0.2490204048644845
  ],
  [
   0.40299519306962023,
   0.23199654617114376,
   0.13613009824154715,
   0.20805088716650888,
   0.3966173657544298,
   0.20490948330869305,
   0.38340783625457137,
   0.4948000731216224,
   0.6290818711886396,
   0.274150466336747,
   0.2582984842235617,
   0.15104042585460356,
   0.0,
   0.3121706263086091,
   0.27193080532089003,
   0.187435869223245,
   0.1034953368372628,
   0.3718296186559208,
   0.32611362348008455,
   0.27370678570416707,
   0.2534369624288058
  ],
  [
   0.5290172115410285,
   0.48422387584443094,
   0.4403031810000646,
   0.4537547068398361,
   0.540581594562815,
   0.29303450630576455,
   0.3338259103009897,
   0.4068993118329714,
   0.5303783345009425,
   0.16403761390817315,
   0.23106552823962379,
   0.26492437617274683,
   0.3121706263086091,
   0.0,
   0.17733162102995223,
   0.250434341767015,
   0.29374512316877116,
   0.1339327177437945,
   0.17698316706527747,
   0.23134615474654238,
   0.22004114556113435
  ],
  [
   0.5587256413465167,
   0.4714228319300371,
   0.3696853134565065,
   0.3345997340097389,
   0.37987258588174533,
   0.3083859139881573,
   0.3485383352066578,
   0.4010566984009925,
   0.510044362216044,
   0.2314064949403514,
   0.1171667636004979,
   0.1464136285028742,
   0.27193080532089003,
   0.17733162102995223,
   0.0,
   0.15229175116610943,
   0.27042221585322435,
   0.20934309368126064,
   0.11065516323513065,
   0.1762562399318375,
   0.24336576917395536
  ],
  [
   0.4293223000263221,
   0.34017072883465305,
   0.2555146615369887,
   0.2726581719754323,
   0.3807784363665984,
   0.32416133433752947,
   0.43864862645695046,
   0.5181179543909626,
   0.6376002510829123,
   0.3030478214886593,
   0.21676388866785287,
   0.10707372937253408,
   0.187435869223245,
   0.250434341767015,
   0.15229175116610943,
   0.0,
   0.1506632360363929,
   0.2505706684807988,
   0.16665278144884232,
   0.10591711709223335,
   0.1634796264267599
  ],
  [
   0.3204788579202775,
   0.20333249957369756,
   0.17750627431151753,
   0.27891383982937795,
   0.45538680534116716,
   0.28156531710834554,
   0.45228607643595325,
   0.5605923292112942,
   0.6952372407148308,
   0.3096410234211604,
   0.2998273661264725,
   0.18032112690809532,
   0.1034953368372628,
   0.29374512316877116,
   0.27042221585322435,
   0.1506632360363929,
   0.0,
   0.31922414959708306,
   0.2878848382764265,
   0.20766730915075696,
   0.1670901533886665
  ],
  [
   0.5029653598903582,
   0.5062823920854203,
   0.4809121428430991,
   0.5062612547914636,
   0.5835839929561866,
   0.4102853820829928,
   0.46244047342569705,
   0.523752445613039,
   0.6359684627743631,
   0.29579907201653177,
   0.3091591817249452,
   0.3108023850518253,
   0.3718296186559208,
   0.1339327177437945,
   0.20934309368126064,
   0.2505706684807988,
   0.31922414959708306,
   0.0,
   0.12983704617586636,
   0.17716652447217748,
   0.18199096707747256
  ],
  [
   0.5254431760706015,
   0.48633862098561587,
   0.41868938627994196,
   0.4131813781234608,
   0.4646763114001448,
   0.3895484297157155,
   0.4402116682290694,
   0.4921132865088505,
   0.5977546560254994,
   0.2972616623013939,
   0.22737698502634673,
   0.2220083537169549,
   0.32611362348008455,
   0.17698316706527747,
   0.11065516323513065,
   0.16665278144884232,
   0.2878848382764265,
   0.12983704617586636,
   0.0,
   0.11658022722387267,
   0.19555725816760072
  ],
  [
   0.4193279532518371,
   0.39053384410016334,
   0.34636751135803695,
   0.3778364274292354,
   0.46941789480903795,
   0.39383548910207605,
   0.493830355521936,
   0.5668210093729114,
   0.6832228941796832,
   0.33793764656214154,
   0.27805174235628893,
   0.20543598898023516,
   0.27370678570416707,
   0.23134615474654238,
   0.1762562399318375,
   0.10591711709223335,
   0.20766730915075696,
   0.17716652447217748,
   0.11658022722387267,
   0.0,
   0.11400894424849545
  ],
  [
   0.33451326631015105,
   0.332616836942143,
   0.3388832184966353,
   0.41206878099661143,
   0.5432125702766244,
   0.3698768529956288,
   0.49675163275080036,
   0.5890175056986272,
   0.7176612753573555,
   0.32258306273139004,
   0.3270258300368636,
   0.2490204048644845,
   0.2534369624288058,
   0.22004114556113435,
   0.24336576917395536,
   0.1634796264267599,
   0.1670901533886665,
   0.18199096707747256,
   0.19555725816760072,
   0.11400894424849545,
   0.0
  ]
 ],
 "14": [
  [
   0.0,
   0.2664466596000034,
   0.4764909208635224,
   0.6543859126626039,
   0.8971985280398677,
   0.6272737971570091,
   0.8495786619971885,
   0.9475122889143288,
   0.9811702017175975,
   0.6554285439726146,
   0.6823550491772467,
   0.6326900015528902,
   0.6092903749587408,
   0.5952800749696333,
   0.6534347033066982,
   0.6261270766634415,
   0.6698863708999455,
   0.5657175192965656,
   0.6364682063996923,
   0.6301829880307077,
   0.5991783236499088
  ],
  [
   0.2664466596000034,
   0.0,
   0.21288163423788542,
   0.3961357147247003,
   0.6381940998200901,
   0.4501182157557853,
   0.6773255666050907,
   0.7633181422698477,
   0.7905891895716999,
   0.5369183082183017,
   0.53912158739136,
   0.4908954990975551,
   0.4934674403285063,
   0.544504380609305,
   0.5602612514858758,
   0.5475803376862048,
   0.631084643849445,
   0.5690792138824052,
   0.5954975920783071,
   0.6032218269119575,
   0.6016993992088199
  ],
  [
   0.4764909208635224,
   0.21288163423788542,
   0.0,
   0.18741625094479758,
   0.4294777601673315,
   0.34492722733406006,
   0.5499689468512994,
   0.6209881154607398,
   0.646805891264148,
   0.482980490657476,
   0.4698263160346688,
   0.4434596695079995,
   0.4878117368857367,
   0.5551404812895934,
   0.5399370767430897,
   0.5540690557420597,
   0.6692807244810224,
   0.6229839985439286,
   0.6163278143956219,
   0.6418120826846211,
   0.6692773809067092
  ],
  [
   0.6543859126626039,
   0.3961357147247003,
   0.18741625094479758,
   0.0,
   0.24631061076617938,
   0.32566737553144837,
   0.47202053945106237,
   0.5318502986686409,
   0.5707749502877,
   0.4943552443834967,
   0.4923444491897625,
   0.5041545152130591,
   0.5859497597895329,
   0.6184754275105808,
   0.5972204990705541,
   0.642633524186975,
   0.778478776985367,
   0.7177909576601149,
   0.6971761187716514,
   0.7415365364151254,
   0.7912564759069195
  ],
  [
   0.8971985280398677,
   0.6381940998200901,
   0.4294777601673315,
   0.24631061076617938,
   0.0,
   0.48771189615557686,
   0.5356521178660959,
   0.5612404324778829,
   0.600112470000044,
   0.6531142710552126,
   0.6495742225979407,
   0.6804893181757405,
   0.77290905471181,
   0.8072258395723221,
   0.7739034723085566,
   0.8318747861449395,
   0.9711080902850938,
   0.9230298433300134,
   0.8878928245961123,
   0.9392855473991971,
   1.0
  ],
  [
   0.6272737971570091,
   0.4501182157557853,
   0.34492722733406006,
   0.32566737553144837,
   0.48771189615557686,
   0.0,
   0.2285535398877031,
   0.3383081329792092,
   0.4274528332940559,
   0.17388662075880593,
   0.271540663660759,
   0.3731462175815311,
   0.5245227521316245,
   0.32968955827588475,
   0.36602723629476325,
   0.48441938582402555,
   0.6582982075929937,
   0.4616015273088797,
   0.4598991558613554,
   0.5495456185403857,
   0.6368250211968296
  ],
  [
   0.8495786619971885,
   0.6773255666050907,
   0.5499689468512994,
   0.47202053945106237,
   0.5356521178660959,
   0.2285535398877031,
   0.0,
   0.1536869192855852,
   0.31045539024446017,
   0.2436340743719019,
   0.33505665557368425,
   0.48041429149981635,
   0.6554982861745848,
   0.4206274030840068,
   0.44124818621556733,
   0.5899569507265885,
   0.7706641875598111,
   0.5669333054615943,
   0.5433662030400608,
   0.6502322097673917,
   0.7604958453837314
  ],
  [
   0.9475122889143288,
   0.7633181422698477,
   0.6209881154607398,
   0.5318502986686409,
   0.5612404324778829,
   0.3383081329792092,
   0.1536869192855852,
   0.0,
   0.1738353611263921,
   0.34065189540679686,
   0.3412254147894118,
   0.4754678964503067,
   0.6477844845580953,
   0.49137176581121134,
   0.45375955401617185,
   0.5888116196150951,
   0.7607600345208845,
   0.6235875249396744,
   0.5653361792311125,
   0.6599474702555272,
   0.7729096225547544
  ],
  [
   0.9811702017175975,
   0.7905891895716999,
   0.646805891264148,
   0.5707749502877,
   0.600112470000044,
   0.4274528332940559,
   0.31045539024446017,
   0.1738353611263921,
   0.0,
   0.4265561055327069,
   0.32638943737796877,
   0.4190157264265153,
   0.5717492708125325,
   0.5381521724753642,
   0.43349443585948777,
   0.5314845202288534,
   0.6831774862469598,
   0.643674598324405,
   0.5493961991324872,
   0.6171871115751253,
   0.7225180364053936
  ],
  [
   0.6554285439726146,
   0.5369183082183017,
   0.482980490657476,
   0.4943552443834967,
   0.6531142710552126,
   0.17388662075880593,
   0.2436340743719019,
   0.34065189540679686,
   0.4265561055327069,
   0.0,
   0.21912154230873315,
   0.35633420449480935,
   0.5201435460715645,
   0.18463234034668954,
   0.2681746892047673,
   0.4232428256367287,
   0.6017819768859539,
   0.33287388695037085,
   0.3413703732383311,
   0.45585312634436326,
   0.5612756968679309
  ],
  [
   0.6823550491772467,
   0.53912158739136,
   0.4698263160346688,
   0.4923444491897625,
   0.6495742225979407,
   0.271540663660759,
   0.33505665557368425,
   0.3412254147894118,
   0.32638943737796877,
   0.21912154230873315,
   0.0,
   0.16054000311326552,
   0.338669951607536,
   0.25444961044466147,
   0.13380391426475818,
   0.2562359043616526,
   0.4358453203750447,
   0.34035544356731273,
   0.2579318471170496,
   0.33316664604375784,
   0.4372615828447828
  ],
  [
   0.6326900015528902,
   0.4908954990975551,
   0.4434596695079995,
   0.5041545152130591,
   0.6804893181757405,
   0.3731462175815311,
   0.48041429149981635,
   0.4754678964503067,
   0.4190157264265153,
   0.35633420449480935,
   0.16054000311326552,
   0.0,
   0.17917104501617456,
   0.342462869115048,
   0.17531932562237404,
   0.15486395924899768,
   0.3112598522193637,
   0.3703400721106633,
   0.266653373180387,
   0.27337241838839105,
   0.3424011384752648
  ],
  [
   0.6092903749587408,
   0.4934674403285063,
   0.4878117368857367,
   0.5859497597895329,
   0.77290905471181,
   0.5245227521316245,
   0.6554982861745848,
   0.6477844845580953,
   0.5717492708125325,
   0.5201435460715645,
   0.338669951607536,
   0.17917104501617456,
   0.0,
   0.4721352080874715,
   0.3140208085324967,
   0.17623192520610678,
   0.20917731475493953,
   0.44971385968619754,
   0.3508460417050813,
   0.28434575059803674,
   0.2817122312393074
  ],
  [
   0.5952800749696333,
   0.544504380609305,
   0.5551404812895934,
   0.6184754275105808,
   0.8072258395723221,
   0.32968955827588475,
   0.4206274030840068,
   0.49137176581121134,
   0.5381521724753642,
   0.18463234034668954,
   0.25444961044466147,
   0.342462869115048,
   0.4721352080874715,
   0.0,
   0.1996014596999689,
   0.3362918464870455,
   0.4939193402515014,
   0.150627872363592,
   0.20046519443454103,
   0.32096945021364137,
   0.42358830934762687
  ],
  [
   0.6534347033066982,
   0.5602612514858758,
   0.5399370767430897,
   0.5972204990705541,
   0.7739034723085566,
   0.36602723629476325,
   0.44124818621556733,
   0.45375955401617185,
   0.43349443585948777,
   0.2681746892047673,
   0.13380391426475818,
   0.17531932562237404,
   0.3140208085324967,
   0.1996014596999689,
   0.0,
   0.17142879308125678,
   0.3475632271638961,
   0.23183471450035772,
   0.12523955016301885,
   0.2099316043094526,
   0.3255796620339605
  ],
  [
   0.6261270766634415,
   0.5475803376862048,
   0.5540690557420597,
   0.642633524186975,
   0.8318747861449395,
   0.48441938582402555,
   0.5899569507265885,
   0.5888116196150951,
   0.5314845202288534,
   0.4232428256367287,
   0.2562359043616526,
   0.15486395924899768,
   0.17623192520610678,
   0.3362918464870455,
   0.17142879308125678,
   0.0,
   0.18187305302135703,
   0.2995906750690757,
   0.18028711757963115,
   0.1273382234395439,
   0.1951725476968314
  ],
  [
   0.6698863708999455,
   0.631084643849445,
   0.6692807244810224,
   0.778478776985367,
   0.9711080902850938,
   0.6582982075929937,
   0.7706641875598111,
   0.7607600345208845,
   0.6831774862469598,
   0.6017819768859539,
   0.4358453203750447,
   0.3112598522193637,
   0.20917731475493953,
   0.4939193402515014,
   0.3475632271638961,
   0.18187305302135703,
   0.0,
   0.4140681306848636,
   0.313310843781914,
   0.1898047901920312,
   0.13211223417620774
  ],
  [
   0.5657175192965656,
   0.5690792138824052,
   0.6229839985439286,
   0.7177909576601149,
   0.9230298433300134,
   0.4616015273088797,
   0.5669333054615943,
   0.6235875249396744,
   0.643674598324405,
   0.33287388695037085,
   0.34035544356731273,
   0.3703400721106633,
   0.44971385968619754,
   0.150627872363592,
   0.23183471450035772,
   0.2995906750690757,
   0.4140681306848636,
   0.0,
   0.1458311789348793,
   0.23258991008735963,
   0.31581509063662255
  ],
  [
   0.6364682063996923,
   0.5954975920783071,
   0.6163278143956219,
   0.6971761187716514,
   0.8878928245961123,
   0.4598991558613554,
   0.5433662030400608,
   0.5653361792311125,
   0.5493961991324872,
   0.3413703732383311,
   0.2579318471170496,
   0.266653373180387,
   0.3508460417050813,
   0.20046519443454103,
   0.12523955016301885,
   0.18028711757963115,
   0.313310843781914,
   0.1458311789348793,
   0.0,
   0.1309760288564079,
   0.25161314900301396
  ],
  [
   0.6301829880307077,
   0.6032218269119575,
   0.6418120826846211,
   0.7415365364151254,
   0.9392855473991971,
   0.5495456185403857,
   0.6502322097673917,
   0.6599474702555272,
   0.6171871115751253,
   0.45585312634436326,
   0.33316664604375784,
   0.27337241838839105,
   0.28434575059803674,
   0.32096945021364137,
   0.2099316043094526,
   0.1273382234395439,
   0.1898047901920312,
   0.23258991008735963,
   0.1309760288564079,
   0.0,
   0.12729929827632025
  ],
  [
   0.5991783236499088,
   0.6016993992088199,
   0.6692773809067092,
   0.7912564759069195,
   1.0,
   0.6368250211968296,
   0.7604958453837314,
   0.7729096225547544,
   0.7225180364053936,
   0.5612756968679309,
   0.4372615828447828,
   0.3424011384752648,
   0.2817122312393074,
   0.42358830934762687,
   0.3255796620339605,
   0.1951725476968314,
   0.13211223417620774,
   0.31581509063662255,
   0.25161314900301396,
   0.12729929827632025,
   0.0
  ]
 ]
}