{
 "0": [
  [
   0.0,
   0.2250930987875953,
   0.38344945428135013,
   0.5302371492526988,
   0.7056045930983976,
   0.5293577533402648,
   0.7171648828330672,
   0.8371727553922792,
   0.972263009585326,
   0.5541741384337482,
   0.7288374684596964,
   0.8549178490894693,
   1.0,
   0.5043675783792203,
   0.6651986845112906,
   0.8020447921357218,
   0.9390194649459148,
   0.47981314364585576,
   0.5985813831443165,
   0.7059170191339627,
   0.8215679941954057
  ],
  [
   0.2250930987875953,
   0.0,
   0.1758421075555854,
   0.3295624915145162,
   0.5031741831202036,
   0.3802599087449002,
   0.5581755262270655,
   0.6714156841104477,
   0.8014605466360295,
   0.45485705232659107,
   0.6178619087535148,
   0.7379738320650856,
   0.8784004682115315,
   0.4623914723394442,
   0.5971136137388616,
   0.7230945311447804,
   0.8512548205731393,
   0.4835399960886744,
   0.583350146319656,
   0.6851092445338062,
   0.7932201361883742
  ],
  [
   0.38344945428135013,
   0.1758421075555854,
   0.0,
   0.15380537036042174,
   0.33286899344065624,
   0.30680679422221885,
   0.446032294808931,
   0.5415566684206807,
   0.6586219792543897,
   0.3986520490667329,
   0.5252946710515222,
   0.6280477568132292,
   0.7554650816184737,
   0.435100284614799,
   0.5281141081477287,
   0.6320740558750411,
   0.7431937977416289,
   0.4754756725461851,
   0.5456701396486117,
   0.6320443297811512,
   0.7257807451621648
  ],
  [
   0.5302371492526988,
   0.3295624915145162,
   0.15380537036042174,
   0.0,
   0.19011448058551175,
   0.3232588449752474,
   0.39501944622156804,
   0.4598291613149123,
   0.5545683359113099,
   0.4142328331938379,
   0.4885552300904231,
   0.5645008012669951,
   0.671434999864385,
   0.47037860955669314,
   0.5147385053438137,
   0.5880276062470587,
   0.6750171948705334,
   0.5208975645851561,
   0.5592667504401521,
   0.6249879258180896,
   0.6995842556792418
  ],
  [
   0.7056045930983976,
   0.5031741831202036,
   0.33286899344065624,
   0.19011448058551175,
   0.0,
   0.47542253305885046,
   0.48273321670789576,
   0.5009354587321001,
   0.550596446336323,
   0.5650306192725794,
   0.5910870592191004,
   0.6307942911283404,
   0.7023095231710313,
   0.6304142713085525,
   0.6376428246814159,
   0.6755584816300064,
   0.7270527004484568,
   0.6802952373430559,
   0.6962132164613172,
   0.7412398292718846,
   0.7934233123427565
  ],
  [
   0.5293577533402648,
   0.3802599087449002,
   0.30680679422221885,
   0.3232588449752474,
   0.47542253305885046,
   0.0,
   0.19367484466192972,
   0.32134585464913173,
   0.46550938004303916,
   0.14756089735229408,
   0.2764437429272082,
   0.39888311966449425,
   0.5453498073827011,
   0.2793483756519146,
   0.33488879537148414,
   0.4417758747468437,
   0.5686636555600785,
   0.39089669672370153,
   0.43259259336934075,
   0.508847642159461,
   0.5974367602734358
  ],
  [
   0.7171648828330672,
   0.5581755262270655,
   0.446032294808931,
   0.39501944622156804,
   0.48273321670789576,
   0.19367484466192972,
   0.0,
   0.12988204835049474,
   0.2760524161603559,
   0.2280965537065195,
   0.19394727780470272,
   0.26561876820259944,
   0.39083255915067855,
   0.37221373720472606,
   0.33118061972516116,
   0.37606193240603103,
   0.4678024052378517,
   0.4900074866313574,
   0.48307174795090535,
   0.5225160976483574,
   0.578158683087279
  ],
  [
   0.8371727553922792,
   0.6714156841104477,
   0.5415566684206807,
   0.4598291613149123,
   0.5009354587321001,
   0.32134585464913173,
   0.12988204835049474,
   0.0,
   0.14631669047663448,
   0.3405839334074845,
   0.23675274294141802,
   0.23458401389238895,
   0.31406005353889843,
   0.4699729524004941,
   0.38771567944971763,
   0.38339582276990103,
   0.4336874454492618,
   0.5805889822921929,
   0.5503800047026255,
   0.5665393836174881,
   0.5975019744714299
  ],
  [
   0.972263009585326,
   0.8014605466360295,
   0.6586219792543897,
   0.5545683359113099,
   0.550596446336323,
   0.46550938004303916,
   0.2760524161603559,
   0.14631669047663448,
   0.0,
   0.47728515690695805,
   0.3421729344223458,
   0.27897501791875223,
   0.2790994680578515,
   0.5933145230892257,
   0.4847027058153277,
   0.4382245700752094,
   0.43782698903509354,
   0.6950940604615843,
   0.6466741829523632,
   0.6417148244389892,
   0.6475076659818522
  ],
  [
   0.5541741384337482,
   0.45485705232659107,
   0.3986520490667329,
   0.4142328331938379,
   0.5650306192725794,
   0.14756089735229408,
   0.2280965537065195,
   0.3405839334074845,
   0.47728515690695805,
   0.0,
   0.18580985661582758,
   0.32197282226924234,
   0.47665546770172335,
   0.15617658120296102,
   0.2014330706556536,
   0.32546641057567405,
   0.46764350100630336,
   0.281697858850764,
   0.3057551269204762,
   0.3783596625360863,
   0.4692430922586675
  ],
  [
   0.7288374684596964,
   0.6178619087535148,
   0.5252946710515222,
   0.4885552300904231,
   0.5910870592191004,
   0.2764437429272082,
   0.19394727780470272,
   0.23675274294141802,
   0.3421729344223458,
   0.18580985661582758,
   0.0,
   0.13693045237766588,
   0.29221888515263217,
   0.2694630320295655,
   0.16074189976274297,
   0.19445144476658777,
   0.3115917089266928,
   0.3760931955782735,
   0.3333805220115757,
   0.3515011883014162,
   0.3989553618353246
  ],
  [
   0.8549178490894693,
   0.7379738320650856,
   0.6280477568132292,
   0.5645008012669951,
   0.6307942911283404,
   0.39888311966449425,
   0.26561876820259944,
   0.23458401389238895,
   0.27897501791875223,
   0.32197282226924234,
   0.13693045237766588,
   0.0,
   0.15532246687795315,
   0.3872406876089342,
   0.2390411848819883,
   0.1711559983660854,
   0.2184285762593548,
   0.47586757056540185,
   0.4041678631356563,
   0.38477248724570073,
   0.3906662499600756
  ],
  [
   1.0,
   0.8784004682115315,
   0.7554650816184737,
   0.671434999864385,
   0.7023095231710313,
   0.5453498073827011,
   0.39083255915067855,
   0.31406005353889843,
   0.2790994680578515,
   0.47665546770172335,
   0.29221888515263217,
   0.15532246687795315,
   0.0,
   0.5315781204704846,
   0.37115028872061706,
   0.25447942113946054,
   0.1913386859178287,
   0.60605142880797,
   0.5168538180647058,
   0.4695774455100154,
   0.43576993644003875
  ],
  [
   0.5043675783792203,
   0.4623914723394442,
   0.435100284614799,
   0.47037860955669314,
   0.6304142713085525,
   0.2793483756519146,
   0.37221373720472606,
   0.4699729524004941,
   0.5933145230892257,
   0.15617658120296102,
   0.2694630320295655,
   0.3872406876089342,
   0.5315781204704846,
   0.0,
   0.16943361070751298,
   0.3142981001353459,
   0.46334773199531526,
   0.12758920887722586,
   0.17287480363133925,
   0.269528931821605,
   0.38068395738632904
  ],
  [
   0.6651986845112906,
   0.5971136137388616,
   0.5281141081477287,
   0.5147385053438137,
   0.6376428246814159,
   0.33488879537148414,
   0.33118061972516116,
   0.38771567944971763,
   0.4847027058153277,
   0.2014330706556536,
   0.16074189976274297,
   0.2390411848819883,
   0.37115028872061706,
   0.16943361070751298,
   0.0,
   0.14599614364195324,
   0.2970366772104245,
   0.23979722138759682,
   0.17493501242545367,
   0.19851564707481562,
   0.2718111575838969
  ],
  [
   0.8020447921357218,
   0.7230945311447804,
   0.6320740558750411,
   0.5880276062470587,
   0.6755584816300064,
   0.4417758747468437,
   0.37606193240603103,
   0.38339582276990103,
   0.4382245700752094,
   0.32546641057567405,
   0.19445144476658777,
   0.1711559983660854,
   0.25447942113946054,
   0.3142981001353459,
   0.14599614364195324,
   0.0,
   0.15207025202669472,
   0.3642680794801437,
   0.2650417370587549,
   0.22014290830241937,
   0.22127556787583114
  ],
  [
   0.9390194649459148,
   0.8512548205731393,
   0.7431937977416289,
   0.6750171948705334,
   0.7270527004484568,
   0.5686636555600785,
   0.4678024052378517,
   0.4336874454492618,
   0.43782698903509354,
   0.46764350100630336,
   0.3115917089266928,
   0.2184285762593548,
   0.1913386859178287,
   0.46334773199531526,
   0.2970366772104245,
   0.15207025202669472,
   0.0,
   0.5010135049508526,
   0.3906796613042532,
   0.3158332852929547,
   0.25561317808145895
  ],
  [
   0.47981314364585576,
   0.4835399960886744,
   0.4754756725461851,
   0.5208975645851561,
   0.6802952373430559,
   0.39089669672370153,
   0.4900074866313574,
   0.5805889822921929,
   0.6950940604615843,
   0.281697858850764,
   0.3760931955782735,
   0.47586757056540185,
   0.60605142880797,
   0.12758920887722586,
   0.23979722138759682,
   0.3642680794801437,
   0.5010135049508526,
   0.0,
   0.12346831313763189,
   0.23322243372685986,
   0.352653148733006
  ],
  [
   0.5985813831443165,
   0.583350146319656,
   0.5456701396486117,
   0.5592667504401521,
   0.6962132164613172,
   0.43259259336934075,
   0.48307174795090535,
   0.5503800047026255,
   0.6466741829523632,
   0.3057551269204762,
   0.3333805220115757,
   0.4041678631356563,
   0.5168538180647058,
   0.17287480363133925,
   0.17493501242545367,
   0.2650417370587549,
   0.3906796613042532,
   0.12346831313763189,
   0.0,
   0.11078127893995729,
   0.23012391260056914
  ],
  [
   0.7059170191339627,
   0.6851092445338062,
   0.6320443297811512,
   0.6249879258180896,
   0.7412398292718846,
   0.508847642159461,
   0.5225160976483574,
   0.5665393836174881,
   0.6417148244389892,
   0.3783596625360863,
   0.3515011883014162,
   0.38477248724570073,
   0.4695774455100154,
   0.269528931821605,
   0.19851564707481562,
   0.22014290830241937,
   0.3158332852929547,
   0.23322243372685986,
   0.11078127893995729,
   0.0,
   0.11968051822565877
  ],
  [
   0.8215679941954057,
   0.7932201361883742,
   0.7257807451621648,
   0.6995842556792418,
   0.7934233123427565,
   0.5974367602734358,
   0.578158683087279,
   0.5975019744714299,
   0.6475076659818522,
   0.4692430922586675,
   0.3989553618353246,
   0.3906662499600756,
   0.43576993644003875,
   0.38068395738632904,
   0.2718111575838969,
   0.22127556787583114,
   0.25561317808145895,
   0.352653148733006,
   0.23012391260056914,
   0.11968051822565877,
   0.0
  ]
 ],
 "14": [
  [
   0.0,
   0.22386707523785135,
   0.3754006575248269,
   0.5156693950778145,
   0.6835435386936161,
   0.5260259763225231,
   0.7118707642794594,
   0.8354112640630956,
   0.9731433219636781,
   0.5511360749651684,
   0.7252049658884925,
   0.8543496186096035,
   1.0,
   0.5023165570101038,
   0.6608968827081998,
   0.7936200457301218,
   0.9128006689589243,
   0.47846978554057457,
   0.5879124676546601,
   0.6890093586243518,
   0.8067994861683231
  ],
  [
   0.22386707523785135,
   0.0,
   0.17018658094670006,
   0.3190151338277025,
   0.4866229710802637,
   0.37837240455935006,
   0.5614365036713975,
   0.6810828515763393,
   0.8153143133456323,
   0.4531617475454592,
   0.612445856488424,
   0.7347077902458101,
   0.8745927974539194,
   0.46149520368319136,
   0.5905646362574319,
   0.7107116267529315,
   0.8186517125898628,
   0.48300862972440434,
   0.5689573460879904,
   0.6611635424485248,
   0.7702863467873364
  ],
  [
   0.3754006575248269,
   0.17018658094670006,
   0.0,
   0.14897761116981192,
   0.31884276885684465,
   0.3067085983974768,
   0.45850949744621905,
   0.5639452638972605,
   0.6884827650293556,
   0.39693682857441986,
   0.5200030706981671,
   0.626190211297819,
   0.754164467499293,
   0.43193454326894026,
   0.519451116035942,
   0.6168898975251356,
   0.7063171427165947,
   0.4712185854506925,
   0.5248219611143381,
   0.5989285331972587,
   0.692039781373992
  ],
  [
   0.5156693950778145,
   0.3190151338277025,
   0.14897761116981192,
   0.0,
   0.17503667305130094,
   0.31958020258597875,
   0.4129349089967773,
   0.4930455098172265,
   0.6003717903388555,
   0.40710255534544515,
   0.4787768759032791,
   0.559926797625124,
   0.6693130979904975,
   0.4594504598553139,
   0.4987691523330927,
   0.5650809483164299,
   0.6293139119729634,
   0.5076344514036161,
   0.5275060797683091,
   0.5783161904263081,
   0.64983254797541
  ],
  [
   0.6835435386936161,
   0.4866229710802637,
   0.31884276885684465,
   0.17503667305130094,
   0.0,
   0.44355468392107594,
   0.47248882945926624,
   0.5120807692033359,
   0.5850453152189319,
   0.5258560811821464,
   0.5433236511230353,
   0.5870554277958966,
   0.6627570276368173,
   0.5882983688851269,
   0.5847926952591013,
   0.6119972821290662,
   0.6383057809152476,
   0.6375722612140762,
   0.6298423777918314,
   0.6548233227659254,
   0.6976303770677188
  ],
  [
   0.5260259763225231,
   0.37837240455935006,
   0.3067085983974768,
   0.31958020258597875,
   0.44355468392107594,
   0.0,
   0.19205807603639574,
   0.31984239949206394,
   0.46052899634596667,
   0.14707539041060894,
   0.26899716128608864,
   0.39073404811987483,
   0.5337047754776227,
   0.2783642116655194,
   0.324435121644733,
   0.42738473595575077,
   0.5402349829545884,
   0.3893693470590567,
   0.42340470626290755,
   0.4944011250151074,
   0.5897107628807067
  ],
  [
   0.7118707642794594,
   0.5614365036713975,
   0.45850949744621905,
   0.4129349089967773,
   0.47248882945926624,
   0.19205807603639574,
   0.0,
   0.12893098228416866,
   0.27020906535969924,
   0.21007496221418953,
   0.15992399204744864,
   0.23525268239788072,
   0.3623365889065612,
   0.35391350027921503,
   0.29947257353993434,
   0.3416270301011523,
   0.4272984657279456,
   0.472945626252102,
   0.4590447457048462,
   0.49341938786086015,
   0.5565151591959576
  ],
  [
   0.8354112640630956,
   0.6810828515763393,
   0.5639452638972605,
   0.4930455098172265,
   0.5120807692033359,
   0.31984239949206394,
   0.12893098228416866,
   0.0,
   0.14133798909340034,
   0.32053592084274574,
   0.1928481918437167,
   0.17970062833680384,
   0.2636673957598349,
   0.4480606676144013,
   0.3494184768944195,
   0.33736885714337117,
   0.3839725944992496,
   0.5604867744434595,
   0.5221387971435925,
   0.5313770455864901,
   0.567376815785114
  ],
  [
   0.9731433219636781,
   0.8153143133456323,
   0.6884827650293556,
   0.6003717903388555,
   0.5850453152189319,
   0.46052899634596667,
   0.27020906535969924,
   0.14133798909340034,
   0.0,
   0.4546236491813787,
   0.2999424649602342,
   0.21757623612455437,
   0.20591368501552723,
   0.5699634804320812,
   0.44639125322269746,
   0.39088346273761687,
   0.3892046728614929,
   0.6751767508012618,
   0.6193528118492885,
   0.6073054202104952,
   0.6163584980092942
  ],
  [
   0.5511360749651684,
   0.4531617475454592,
   0.39693682857441986,
   0.40710255534544515,
   0.5258560811821464,
   0.14707539041060894,
   0.21007496221418953,
   0.32053592084274574,
   0.4546236491813787,
   0.0,
   0.1841118479637939,
   0.32007689242864446,
   0.47174648068251634,
   0.1554182777940286,
   0.19255460949104822,
   0.315529557585718,
   0.4472074135548489,
   0.2803015466753567,
   0.3016329512632156,
   0.37245117579330017,
   0.47287952342294926
  ],
  [
   0.7252049658884925,
   0.612445856488424,
   0.5200030706981671,
   0.4787768759032791,
   0.5433236511230353,
   0.26899716128608864,
   0.15992399204744864,
   0.1928481918437167,
   0.2999424649602342,
   0.1841118479637939,
   0.0,
   0.13612524555245092,
   0.287947701141351,
   0.27346849933919865,
   0.16003435666966365,
   0.19048079738238013,
   0.29940503264357804,
   0.3810477118365767,
   0.33914875494176544,
   0.35685625739034205,
   0.4139769415662627
  ],
  [
   0.8543496186096035,
   0.7347077902458101,
   0.626190211297819,
   0.559926797625124,
   0.5870554277958966,
   0.39073404811987483,
   0.23525268239788072,
   0.17970062833680384,
   0.21757623612455437,
   0.32007689242864446,
   0.13612524555245092,
   0.0,
   0.15184934828821015,
   0.39373499983685256,
   0.24492845744306985,
   0.1786667147651188,
   0.2221970130575416,
   0.4860389231600417,
   0.4172929804686689,
   0.3997044817274856,
   0.4157647554496726
  ],
  [
   1.0,
   0.8745927974539194,
   0.754164467499293,
   0.6693130979904975,
   0.6627570276368173,
   0.5337047754776227,
   0.3623365889065612,
   0.2636673957598349,
   0.20591368501552723,
   0.47174648068251634,
   0.287947701141351,
   0.15184934828821015,
   0.0,
   0.5373935639438066,
   0.37769199845452145,
   0.26713883118100873,
   0.2201774047887287,
   0.6183162138704564,
   0.5335225438078708,
   0.4905175445385959,
   0.4682466619716331
  ],
  [
   0.5023165570101038,
   0.46149520368319136,
   0.43193454326894026,
   0.4594504598553139,
   0.5882983688851269,
   0.2783642116655194,
   0.35391350027921503,
   0.4480606676144013,
   0.5699634804320812,
   0.1554182777940286,
   0.27346849933919865,
   0.39373499983685256,
   0.5373935639438066,
   0.0,
   0.16866372258562617,
   0.311333591470688,
   0.44895935669164705,
   0.1269620644938103,
   0.171935342833845,
   0.2678745856530318,
   0.3884314203799608
  ],
  [
   0.6608968827081998,
   0.5905646362574319,
   0.519451116035942,
   0.4987691523330927,
   0.5847926952591013,
   0.324435121644733,
   0.29947257353993434,
   0.3494184768944195,
   0.44639125322269746,
   0.19255460949104822,
   0.16003435666966365,
   0.24492845744306985,
   0.37769199845452145,
   0.16866372258562617,
   0.0,
   0.14462287876190233,
   0.2865346792901743,
   0.24331850534185237,
   0.1831841398542458,
   0.2079867677337222,
   0.291264680702882
  ],
  [
   0.7936200457301218,
   0.7107116267529315,
   0.6168898975251356,
   0.5650809483164299,
   0.6119972821290662,
   0.42738473595575077,
   0.3416270301011523,
   0.33736885714337117,
   0.39088346273761687,
   0.315529557585718,
   0.19048079738238013,
   0.1786667147651188,
   0.26713883118100873,
   0.311333591470688,
   0.14462287876190233,
   0.0,
   0.14483045929173483,
   0.3649425047354592,
   0.2692335131674838,
   0.22783126787357527,
   0.24131199688693938
  ],
  [
   0.9128006689589243,
   0.8186517125898628,
   0.7063171427165947,
   0.6293139119729634,
   0.6383057809152476,
   0.5402349829545884,
   0.4272984657279456,
   0.3839725944992496,
   0.3892046728614929,
   0.4472074135548489,
   0.29940503264357804,
   0.2221970130575416,
   0.2201774047887287,
   0.44895935669164705,
   0.2865346792901743,
   0.14483045929173483,
   0.0,
   0.4892867030441,
   0.3805701220798546,
   0.30759222346969134,
   0.2564954596982841
  ],
  [
   0.47846978554057457,
   0.48300862972440434,
   0.4712185854506925,
   0.5076344514036161,
   0.6375722612140762,
   0.3893693470590567,
   0.472945626252102,
   0.5604867744434595,
   0.6751767508012618,
   0.2803015466753567,
   0.3810477118365767,
   0.4860389231600417,
   0.6183162138704564,
   0.1269620644938103,
   0.24331850534185237,
   0.3649425047354592,
   0.4892867030441,
   0.0,
   0.12186783908113331,
   0.23033928379413549,
   0.3571641664223558
  ],
  [
   0.5879124676546601,
   0.5689573460879904,
   0.5248219611143381,
   0.5275060797683091,
   0.6298423777918314,
   0.42340470626290755,
   0.4590447457048462,
   0.5221387971435925,
   0.6193528118492885,
   0.3016329512632156,
   0.33914875494176544,
   0.4172929804686689,
   0.5335225438078708,
   0.171935342833845,
   0.1831841398542458,
   0.2692335131674838,
   0.3805701220798546,
   0.12186783908113331,
   0.0,
   0.10952941244873149,
   0.23673703162441728
  ],
  [
   0.6890093586243518,
   0.6611635424485248,
   0.5989285331972587,
   0.5783161904263081,
   0.6548233227659254,
   0.4944011250151074,
   0.49341938786086015,
   0.5313770455864901,
   0.6073054202104952,
   0.37245117579330017,
   0.35685625739034205,
   0.3997044817274856,
   0.4905175445385959,
   0.2678745856530318,
   0.2079867677337222,
   0.22783126787357527,
   0.30759222346969134,
   0.23033928379413549,
   0.10952941244873149,
   0.0,
   0.12733928121375318
  ],
  [
   0.8067994861683231,
   0.7702863467873364,
   0.692039781373992,
   0.64983254797541,
   0.6976303770677188,
   0.5897107628807067,
   0.5565151591959576,
   0.567376815785114,
   0.6163584980092942,
   0.47287952342294926,
   0.4139769415662627,
   0.4157647554496726,
   0.4682466619716331,
   0.3884314203799608,
   0.291264680702882,
   0.24131199688693938,
   0.2564954596982841,
   0.3571641664223558,
   0.23673703162441728,
   0.12733928121375318,
   0.0
  ]
 ]
}