{
 "9": [
  [
   0.0,
   0.23085361363466655,
   0.3692963883725281,
   0.49778955270034286,
   0.62056141325371,
   0.5414829145928683,
   0.7254239212604482,
   0.8509676290431558,
   1.0,
   0.5658790924851783,
   0.6798482820384556,
   0.6981676135228236,
   0.6580019248322565,
   0.5142097734082313,
   0.6286986769599905,
   0.6589673931712272,
   0.6223174893274089,
   0.48946430129635027,
   0.5611479093444997,
   0.6090092185203133,
   0.6198224270374323
  ],
  [
   0.23085361363466655,
   0.0,
   0.1840678782687687,
   0.343072620587916,
   0.5172957831634464,
   0.3890773709979393,
   0.5849709443253649,
   0.7168596886433416,
   0.8672919401121899,
   0.46442797734018887,
   0.5642448836581492,
   0.5815952481520686,
   0.5372483581566557,
   0.4715082018338628,
   0.5499477672928416,
   0.5711974360762847,
   0.5241877493394295,
   0.4932248184768822,
   0.5269703255073698,
   0.5566034085176429,
   0.5482952816816985
  ],
  [
   0.3692963883725281,
   0.1840678782687687,
   0.0,
   0.1620195992807543,
   0.3547892585083509,
   0.33139843297541494,
   0.5056991100720103,
   0.62855388033196,
   0.7754500987508715,
   0.4013852628716225,
   0.4422415612353632,
   0.4301587939444319,
   0.3665004734031115,
   0.41523363283636927,
   0.4362625991755425,
   0.4253792612348267,
   0.36103093012242243,
   0.4415631319946882,
   0.4305979338513049,
   0.4303235381932123,
   0.3993906312764865
  ],
  [
   0.49778955270034286,
   0.343072620587916,
   0.1620195992807543,
   0.0,
   0.20886813085509912,
   0.35217266107248457,
   0.47729336915275383,
   0.5799478824346624,
   0.7167109485647873,
   0.38971001027511654,
   0.357103714352908,
   0.3029350445955204,
   0.2116007102138125,
   0.39557958442075486,
   0.351767370331492,
   0.29805455784360957,
   0.21393981741664525,
   0.4165832434889389,
   0.3600565013235825,
   0.3237214394619212,
   0.2677432910221698
  ],
  [
   0.62056141325371,
   0.5172957831634464,
   0.3547892585083509,
   0.20886813085509912,
   0.0,
   0.4295453252946213,
   0.4841018226831622,
   0.5503005622961964,
   0.6673358149523735,
   0.3955344795519408,
   0.28261076541685093,
   0.16846521745858853,
   0.05823345404758724,
   0.3591356404666336,
   0.24286588646195179,
   0.11803234016210147,
   0.040783207984416966,
   0.3548525479080985,
   0.2476311244767349,
   0.16016626823535376,
   0.09050467315803773
  ],
  [
   0.5414829145928683,
   0.3890773709979393,
   0.33139843297541494,
   0.35217266107248457,
   0.4295453252946213,
   0.0,
   0.19723368142389033,
   0.33061199048074924,
   0.4800984360534488,
   0.15064821898429306,
   0.27169860101713256,
   0.3653983812998416,
   0.4251129416178575,
   0.2859208970168801,
   0.3286547196706671,
   0.41585399759929964,
   0.46330362800314034,
   0.4000183169739462,
   0.4021048956575761,
   0.451190242446543,
   0.4944978630749325
  ],
  [
   0.7254239212604482,
   0.5849709443253649,
   0.5056991100720103,
   0.47729336915275383,
   0.4841018226831622,
   0.19723368142389033,
   0.0,
   0.13368767105716575,
   0.2829184952197522,
   0.1886710725752359,
   0.22864484778633737,
   0.3544601329190738,
   0.4676266149546868,
   0.33902898302957346,
   0.3284635770182901,
   0.4329645319068197,
   0.5239542288815485,
   0.4656007842137758,
   0.4448897694538314,
   0.4903061091181882,
   0.5516288653611205
  ],
  [
   0.8509676290431558,
   0.7168596886433416,
   0.62855388033196,
   0.5799478824346624,
   0.5503005622961964,
   0.33061199048074924,
   0.13368767105716575,
   0.0,
   0.1508613361569871,
   0.2932343761013032,
   0.2768680777378783,
   0.39608369757123035,
   0.5288733859646575,
   0.4193560318484049,
   0.3802498605074358,
   0.4816089648526029,
   0.590873653016913,
   0.5394448108265041,
   0.5072123694741392,
   0.5466206583991836,
   0.6145020731231863
  ],
  [
   1.0,
   0.8672919401121899,
   0.7754500987508715,
   0.7167109485647873,
   0.6673358149523735,
   0.4800984360534488,
   0.2829184952197522,
   0.1508613361569871,
   0.0,
   0.43845446847469854,
   0.3998463531138233,
   0.50325798854788,
   0.6417290841760468,
   0.5506768638150575,
   0.49805846952757543,
   0.5904903674412961,
   0.7071782223596008,
   0.663886578142428,
   0.6260452200100447,
   0.6595465903429854,
   0.7286711210183828
  ],
  [
   0.5658790924851783,
   0.46442797734018887,
   0.4013852628716225,
   0.38971001027511654,
   0.3955344795519408,
   0.15064821898429306,
   0.1886710725752359,
   0.2932343761013032,
   0.43845446847469854,
   0.0,
   0.18976329270468192,
   0.30794495035166247,
   0.4016547027104892,
   0.16016752908613596,
   0.21912260042048987,
   0.344412742754473,
   0.4324285014013975,
   0.28832759389892587,
   0.2953620652734545,
   0.36657277579837877,
   0.4438378099031103
  ],
  [
   0.6798482820384556,
   0.5642448836581492,
   0.4422415612353632,
   0.357103714352908,
   0.28261076541685093,
   0.27169860101713256,
   0.22864484778633737,
   0.2768680777378783,
   0.3998463531138233,
   0.18976329270468192,
   0.0,
   0.1394830070685707,
   0.2735962901511746,
   0.2366657679795863,
   0.1216854554303621,
   0.20879475862750602,
   0.32326575036920263,
   0.3245994073054373,
   0.253986790174445,
   0.27334893182157427,
   0.3393887327464594
  ],
  [
   0.6981676135228236,
   0.5815952481520686,
   0.4301587939444319,
   0.3029350445955204,
   0.16846521745858853,
   0.3653983812998416,
   0.3544601329190738,
   0.39608369757123035,
   0.50325798854788,
   0.30794495035166247,
   0.1394830070685707,
   0.0,
   0.150535065374865,
   0.31113525261620206,
   0.15208183083716634,
   0.10475457576984781,
   0.20689295295802887,
   0.35388975175491655,
   0.24516255345164786,
   0.20244438857502245,
   0.22956735282731391
  ],
  [
   0.6580019248322565,
   0.5372483581566557,
   0.3665004734031115,
   0.2116007102138125,
   0.05823345404758724,
   0.4251129416178575,
   0.4676266149546868,
   0.5288733859646575,
   0.6417290841760468,
   0.4016547027104892,
   0.2735962901511746,
   0.150535065374865,
   0.0,
   0.3868928071562215,
   0.25875827658226047,
   0.13724812234288042,
   0.08096492433228868,
   0.39807817341127383,
   0.2893110544431853,
   0.20606008768992448,
   0.14205607659422667
  ],
  [
   0.5142097734082313,
   0.4715082018338628,
   0.41523363283636927,
   0.39557958442075486,
   0.3591356404666336,
   0.2859208970168801,
   0.33902898302957346,
   0.4193560318484049,
   0.5506768638150575,
   0.16016752908613596,
   0.2366657679795863,
   0.31113525261620206,
   0.3868928071562215,
   0.0,
   0.17199742891721145,
   0.2967619581906639,
   0.38958438730322614,
   0.13024844671499405,
   0.17213391927035854,
   0.2738791506103271,
   0.37494879755800004
  ],
  [
   0.6286986769599905,
   0.5499477672928416,
   0.4362625991755425,
   0.351767370331492,
   0.24286588646195179,
   0.3286547196706671,
   0.3284635770182901,
   0.3802498605074358,
   0.49805846952757543,
   0.21912260042048987,
   0.1216854554303621,
   0.15208183083716634,
   0.25875827658226047,
   0.17199742891721145,
   0.0,
   0.1487673043928704,
   0.27896375081769126,
   0.22015386941231951,
   0.13497893379435674,
   0.17255356200611652,
   0.2699074063998004
  ],
  [
   0.6589673931712272,
   0.5711974360762847,
   0.4253792612348267,
   0.29805455784360957,
   0.11803234016210147,
   0.41585399759929964,
   0.4329645319068197,
   0.4816089648526029,
   0.5904903674412961,
   0.344412742754473,
   0.20879475862750602,
   0.10475457576984781,
   0.13724812234288042,
   0.2967619581906639,
   0.1487673043928704,
   0.0,
   0.1493658500024259,
   0.2993731436648002,
   0.1774740281556771,
   0.10255464800669788,
   0.141737716347411
  ],
  [
   0.6223174893274089,
   0.5241877493394295,
   0.36103093012242243,
   0.21393981741664525,
   0.040783207984416966,
   0.46330362800314034,
   0.5239542288815485,
   0.590873653016913,
   0.7071782223596008,
   0.4324285014013975,
   0.32326575036920263,
   0.20689295295802887,
   0.08096492433228868,
   0.38958438730322614,
   0.27896375081769126,
   0.1493658500024259,
   0.0,
   0.3749212313919931,
   0.2698083008282161,
   0.17531235326606429,
   0.07367575549780013
  ],
  [
   0.48946430129635027,
   0.4932248184768822,
   0.4415631319946882,
   0.4165832434889389,
   0.3548525479080985,
   0.4000183169739462,
   0.4656007842137758,
   0.5394448108265041,
   0.663886578142428,
   0.28832759389892587,
   0.3245994073054373,
   0.35388975175491655,
   0.39807817341127383,
   0.13024844671499405,
   0.22015386941231951,
   0.2993731436648002,
   0.3749212313919931,
   0.0,
   0.12600647686422659,
   0.23347062401588345,
   0.338618024576635
  ],
  [
   0.5611479093444997,
   0.5269703255073698,
   0.4305979338513049,
   0.3600565013235825,
   0.2476311244767349,
   0.4021048956575761,
   0.4448897694538314,
   0.5072123694741392,
   0.6260452200100447,
   0.2953620652734545,
   0.253986790174445,
   0.24516255345164786,
   0.2893110544431853,
   0.17213391927035854,
   0.13497893379435674,
   0.1774740281556771,
   0.2698083008282161,
   0.12600647686422659,
   0.0,
   0.1137355613358481,
   0.23159940447155966
  ],
  [
   0.6090092185203133,
   0.5566034085176429,
   0.4303235381932123,
   0.3237214394619212,
   0.16016626823535376,
   0.451190242446543,
   0.4903061091181882,
   0.5466206583991836,
   0.6595465903429854,
   0.36657277579837877,
   0.27334893182157427,
   0.20244438857502245,
   0.20606008768992448,
   0.2738791506103271,
   0.17255356200611652,
   0.10255464800669788,
   0.17531235326606429,
   0.23347062401588345,
   0.1137355613358481,
   0.0,
   0.12690083269013022
  ],
  [
   0.6198224270374323,
   0.5482952816816985,
   0.3993906312764865,
   0.2677432910221698,
   0.09050467315803773,
   0.4944978630749325,
   0.5516288653611205,
   0.6145020731231863,
   0.7286711210183828,
   0.4438378099031103,
   0.3393887327464594,
   0.22956735282731391,
   0.14205607659422667,
   0.37494879755800004,
   0.2699074063998004,
   0.141737716347411,
   0.07367575549780013,
   0.338618024576635,
   0.23159940447155966,
   0.12690083269013022,
   0.0
  ]
 ]
}