{
 "4": [
  [
   0.0,
   0.3260892226754983,
   0.5566532820792662,
   0.7418784876254813,
   1.0,
   0.7689142002628933,
   0.9143499187102154,
   0.98356443554832,
   0.9772748667370776,
   0.8041818210039723,
   0.9241365263304426,
   0.9837797462565965,
   0.9303973494202566,
   0.7309972264239338,
   0.8643124621689245,
   0.8905836316175253,
   0.7926841263977726,
   0.6951882244371997,
   0.769133291080874,
   0.8261598806309409,
   0.8374947380404859
  ],
  [
   0.3260892226754983,
   0.0,
   0.2588224104246473,
   0.47875623908139303,
   0.7708574533865777,
   0.5521233715103885,
   0.6917481652517824,
   0.7654485993532526,
   0.7649713645505966,
   0.6587571911372969,
   0.7636510551645456,
   0.8168591504808637,
   0.7524222062089513,
   0.6681778841545056,
   0.7559815497662493,
   0.7601430904358859,
   0.6469169492975371,
   0.6984100382831904,
   0.7116320513356754,
   0.7317071887700245,
   0.717374166045668
  ],
  [
   0.5566532820792662,
   0.2588224104246473,
   0.0,
   0.23005263372565757,
   0.5296580564677767,
   0.42220980415622544,
   0.4841459619844695,
   0.5367158143372915,
   0.5345766042757317,
   0.5524946864061151,
   0.5931404415002847,
   0.6203836813401302,
   0.5465408270325335,
   0.6058215627343787,
   0.6206092154828603,
   0.5927402209373852,
   0.4791136936232335,
   0.667287140902208,
   0.6190335786907855,
   0.5976879307856904,
   0.5615522559194237
  ],
  [
   0.7418784876254813,
   0.47875623908139303,
   0.23005263372565757,
   0.0,
   0.3051388112280141,
   0.44618375236822294,
   0.3619198948485645,
   0.3446502870485508,
   0.3113046122862251,
   0.5430548474038286,
   0.4780969470551288,
   0.4475385883932602,
   0.3468904803397845,
   0.5995702618825685,
   0.5230615977967012,
   0.4413947435248179,
   0.3281015265162252,
   0.6615916736376486,
   0.5548254191330776,
   0.4821784072506545,
   0.4143364827673474
  ],
  [
   1.0,
   0.7708574533865777,
   0.5296580564677767,
   0.3051388112280141,
   0.0,
   0.5645374013395603,
   0.320009837538082,
   0.15274107019193323,
   0.08486277791885632,
   0.5904489536178315,
   0.3918377217720076,
   0.26383992575096565,
   0.18152674633587337,
   0.6424724111684835,
   0.45962577434831914,
   0.32696021904227535,
   0.3129358190262162,
   0.7038011899203742,
   0.5437221840724632,
   0.42260334676657474,
   0.3514637610927652
  ],
  [
   0.7689142002628933,
   0.5521233715103885,
   0.42220980415622544,
   0.44618375236822294,
   0.5645374013395603,
   0.0,
   0.28141873117955757,
   0.46017085089366777,
   0.6098918124032879,
   0.2126273991039962,
   0.3823549392032999,
   0.5304256693345368,
   0.6093616949359353,
   0.40307251132332245,
   0.47444585709122783,
   0.5751210405127795,
   0.6146125852085411,
   0.5645384454728878,
   0.5417031710791541,
   0.5846018707139301,
   0.6535221706733151
  ],
  [
   0.9143499187102154,
   0.6917481652517824,
   0.4841459619844695,
   0.3619198948485645,
   0.320009837538082,
   0.28141873117955757,
   0.0,
   0.1891569688150716,
   0.3763615245420742,
   0.29857205283024146,
   0.19951271715214017,
   0.2843028755491548,
   0.38611306153027297,
   0.43202413680085605,
   0.33993352613429956,
   0.37863759106755035,
   0.45446131889242747,
   0.5650402641404334,
   0.4573823092377879,
   0.4328844973094574,
   0.4805756870697938
  ],
  [
   0.98356443554832,
   0.7654485993532526,
   0.5367158143372915,
   0.3446502870485508,
   0.15274107019193323,
   0.46017085089366777,
   0.1891569688150716,
   0.0,
   0.20881651495641604,
   0.45867799592759195,
   0.2509551704263645,
   0.17411434358335515,
   0.23330142645791294,
   0.5283527469804769,
   0.35145083599580335,
   0.28566343866543237,
   0.3532893268529501,
   0.6152830048484871,
   0.46397404978948137,
   0.3756324923094633,
   0.3729695679264785
  ],
  [
   0.9772748667370776,
   0.7649713645505966,
   0.5345766042757317,
   0.3113046122862251,
   0.08486277791885632,
   0.6098918124032879,
   0.3763615245420742,
   0.20881651495641604,
   0.0,
   0.6238127910648555,
   0.41904690748390744,
   0.26835684076044614,
   0.11867144822344423,
   0.6473415022922877,
   0.456990288927663,
   0.2930495931511196,
   0.24847642997429317,
   0.6863938007617517,
   0.5215479138216705,
   0.38552885605964854,
   0.2865593512706312
  ],
  [
   0.8041818210039723,
   0.6587571911372969,
   0.5524946864061151,
   0.5430548474038286,
   0.5904489536178315,
   0.2126273991039962,
   0.29857205283024146,
   0.45867799592759195,
   0.6238127910648555,
   0.0,
   0.2699799511808886,
   0.4575833000550843,
   0.588523813537263,
   0.22571518800110216,
   0.32964743253133666,
   0.4930061318133053,
   0.5936084217069502,
   0.4070769290418014,
   0.40063776253120253,
   0.48267405712285133,
   0.6018748969476858
  ],
  [
   0.9241365263304426,
   0.7636510551645456,
   0.5931404415002847,
   0.4780969470551288,
   0.3918377217720076,
   0.3823549392032999,
   0.19951271715214017,
   0.2509551704263645,
   0.41904690748390744,
   0.2699799511808886,
   0.0,
   0.19757415582073054,
   0.37399067100632144,
   0.3114686519019661,
   0.16224401973808333,
   0.2750335420319112,
   0.4304304016845096,
   0.4244412839501529,
   0.30598085931571367,
   0.30767542364648315,
   0.4173167029446548
  ],
  [
   0.9837797462565965,
   0.8168591504808637,
   0.6203836813401302,
   0.4475385883932602,
   0.26383992575096565,
   0.5304256693345368,
   0.2843028755491548,
   0.17411434358335515,
   0.26835684076044614,
   0.4575833000550843,
   0.19757415582073054,
   0.0,
   0.21107556379773884,
   0.45744716403821983,
   0.2294958060091136,
   0.15335963847539585,
   0.3158897524101938,
   0.5100864838190267,
   0.34182747002158,
   0.2448666762480379,
   0.28999920141694335
  ],
  [
   0.9303973494202566,
   0.7524222062089513,
   0.5465408270325335,
   0.3468904803397845,
   0.18152674633587337,
   0.6093616949359353,
   0.38611306153027297,
   0.23330142645791294,
   0.11867144822344423,
   0.588523813537263,
   0.37399067100632144,
   0.21107556379773884,
   0.0,
   0.5736756860246187,
   0.37294701664493124,
   0.1852072641529028,
   0.16263637924027544,
   0.5903846224613403,
   0.42025518502428894,
   0.27403071645023325,
   0.17498848771255845
  ],
  [
   0.7309972264239338,
   0.6681778841545056,
   0.6058215627343787,
   0.5995702618825685,
   0.6424724111684835,
   0.40307251132332245,
   0.43202413680085605,
   0.5283527469804769,
   0.6473415022922877,
   0.22571518800110216,
   0.3114686519019661,
   0.45744716403821983,
   0.5736756860246187,
   0.0,
   0.2453377493330294,
   0.42841626997766535,
   0.5382463204950974,
   0.1842713641797892,
   0.23412073482539678,
   0.37193278593707724,
   0.5225212164883315
  ],
  [
   0.8643124621689245,
   0.7559815497662493,
   0.6206092154828603,
   0.5230615977967012,
   0.45962577434831914,
   0.47444585709122783,
   0.33993352613429956,
   0.35145083599580335,
   0.456990288927663,
   0.32964743253133666,
   0.16224401973808333,
   0.2294958060091136,
   0.37294701664493124,
   0.2453377493330294,
   0.0,
   0.21001111132710762,
   0.38305590132081413,
   0.29258550116979065,
   0.15187976628460104,
   0.18844846738628282,
   0.3452516490575797
  ],
  [
   0.8905836316175253,
   0.7601430904358859,
   0.5927402209373852,
   0.4413947435248179,
   0.32696021904227535,
   0.5751210405127795,
   0.37863759106755035,
   0.28566343866543237,
   0.2930495931511196,
   0.4930061318133053,
   0.2750335420319112,
   0.15335963847539585,
   0.1852072641529028,
   0.42841626997766535,
   0.21001111132710762,
   0.0,
   0.21105643461233975,
   0.4280758799678944,
   0.24967241653809832,
   0.10662796892328225,
   0.15814282723775763
  ],
  [
   0.7926841263977726,
   0.6469169492975371,
   0.4791136936232335,
   0.3281015265162252,
   0.3129358190262162,
   0.6146125852085411,
   0.45446131889242747,
   0.3532893268529501,
   0.24847642997429317,
   0.5936084217069502,
   0.4304304016845096,
   0.3158897524101938,
   0.16263637924027544,
   0.5382463204950974,
   0.38305590132081413,
   0.21105643461233975,
   0.0,
   0.5201184829455407,
   0.37078822793384647,
   0.23689230763123395,
   0.09466460847890718
  ],
  [
   0.6951882244371997,
   0.6984100382831904,
   0.667287140902208,
   0.6615916736376486,
   0.7038011899203742,
   0.5645384454728878,
   0.5650402641404334,
   0.6152830048484871,
   0.6863938007617517,
   0.4070769290418014,
   0.4244412839501529,
   0.5100864838190267,
   0.5903846224613403,
   0.1842713641797892,
   0.29258550116979065,
   0.4280758799678944,
   0.5201184829455407,
   0.0,
   0.1800278314243699,
   0.33666766533996106,
   0.4869707761510523
  ],
  [
   0.769133291080874,
   0.7116320513356754,
   0.6190335786907855,
   0.5548254191330776,
   0.5437221840724632,
   0.5417031710791541,
   0.4573823092377879,
   0.46397404978948137,
   0.5215479138216705,
   0.40063776253120253,
   0.30598085931571367,
   0.34182747002158,
   0.42025518502428894,
   0.23412073482539678,
   0.15187976628460104,
   0.24967241653809832,
   0.37078822793384647,
   0.1800278314243699,
   0.0,
   0.1613691650803109,
   0.326299654928525
  ],
  [
   0.8261598806309409,
   0.7317071887700245,
   0.5976879307856904,
   0.4821784072506545,
   0.42260334676657474,
   0.5846018707139301,
   0.4328844973094574,
   0.3756324923094633,
   0.38552885605964854,
   0.48267405712285133,
   0.30767542364648315,
   0.2448666762480379,
   0.27403071645023325,
   0.37193278593707724,
   0.18844846738628282,
   0.10662796892328225,
   0.23689230763123395,
   0.33666766533996106,
   0.1613691650803109,
   0.0,
   0.17541730561311716
  ],
  [
   0.8374947380404859,
   0.717374166045668,
   0.5615522559194237,
   0.4143364827673474,
   0.3514637610927652,
   0.6535221706733151,
   0.4805756870697938,
   0.3729695679264785,
   0.2865593512706312,
   0.6018748969476858,
   0.4173167029446548,
   0.28999920141694335,
   0.17498848771255845,
   0.5225212164883315,
   0.3452516490575797,
   0.15814282723775763,
   0.09466460847890718,
   0.4869707761510523,
   0.326299654928525,
   0.17541730561311716,
   0.0
  ]
 ]
}