{
 "4": [
  [
   0.0,
   0.23680698410389714,
   0.4189189066444667,
   0.5725157897751314,
   0.7857078740206741,
   0.5572100236824401,
   0.7329416599849917,
   0.8398739405832055,
   0.9694020330629717,
   0.5820790599374114,
   0.601211194411076,
   0.4967993790900764,
   0.3492108767559562,
   0.5285411843983258,
   0.5746351913645836,
   0.4594799957866212,
   0.31165193475314257,
   0.5023057592730825,
   0.6096509464342798,
   0.6994290857763337,
   0.8081699549597036
  ],
  [
   0.23680698410389714,
   0.0,
   0.18940756838372053,
   0.35279297861664183,
   0.5720165192766846,
   0.39937805379890184,
   0.5791050294254431,
   0.6871277869928819,
   0.8187227895900481,
   0.4763678757463892,
   0.4730385659632225,
   0.3672890475367575,
   0.22282733296566054,
   0.48305707532867126,
   0.49882458099526406,
   0.39605823673795426,
   0.26972634422269187,
   0.5050544314986186,
   0.5952649178196154,
   0.6796409142678574,
   0.7826677277070107
  ],
  [
   0.4189189066444667,
   0.18940756838372053,
   0.0,
   0.16676670081524145,
   0.3869836882166405,
   0.3147472653339018,
   0.489940218870681,
   0.6012082944173648,
   0.7365073823634954,
   0.44201660269183984,
   0.44578230208471303,
   0.37493999073355994,
   0.2811498319623098,
   0.510850865807325,
   0.5215224083289257,
   0.4593719311939221,
   0.3738404403093673,
   0.5749165610230108,
   0.6516310700327523,
   0.7324260728726972,
   0.8292814183485181
  ],
  [
   0.5725157897751314,
   0.35279297861664183,
   0.16676670081524145,
   0.0,
   0.22047300060327132,
   0.2938517048866479,
   0.4425693041924071,
   0.5536621390420158,
   0.6899852727741399,
   0.44651334491273387,
   0.4725820479570495,
   0.4472390533724997,
   0.3971010031099475,
   0.5609413956577289,
   0.5789854608261833,
   0.5562659297290443,
   0.4967372754426394,
   0.6536245401217053,
   0.7208914328613505,
   0.799461476951173,
   0.8910480727579612
  ],
  [
   0.7857078740206741,
   0.5720165192766846,
   0.3869836882166405,
   0.22047300060327132,
   0.0,
   0.38833079051541425,
   0.46199465461110645,
   0.5529079037726204,
   0.6747188127615331,
   0.5330069474768676,
   0.5746758935941707,
   0.5949387783783824,
   0.5843144926053555,
   0.6811857138650358,
   0.7017117042179556,
   0.7173046602483885,
   0.6840632532983428,
   0.7952048401755402,
   0.8476520818100031,
   0.9188811736345169,
   1.0
  ],
  [
   0.5572100236824401,
   0.39937805379890184,
   0.3147472653339018,
   0.2938517048866479,
   0.38833079051541425,
   0.0,
   0.2030959565026484,
   0.33510727727711986,
   0.48833454420362876,
   0.1544193649208124,
   0.2390869222090019,
   0.28441617735652314,
   0.2904990281558859,
   0.2928572421594206,
   0.33997106319437387,
   0.3795119315375496,
   0.36109162573934905,
   0.4101658359773278,
   0.4677427748025406,
   0.5517329458692162,
   0.6475818045307127
  ],
  [
   0.7329416599849917,
   0.5791050294254431,
   0.489940218870681,
   0.4425693041924071,
   0.46199465461110645,
   0.2030959565026484,
   0.0,
   0.13651117860488,
   0.2925474442439586,
   0.19559969689010978,
   0.21303640393116494,
   0.3350685513012918,
   0.4208510887325817,
   0.33283442055764734,
   0.33029290444950304,
   0.4319624915253013,
   0.48047325539795843,
   0.45280216706570986,
   0.45746869685407604,
   0.5102467906421206,
   0.5788300970509433
  ],
  [
   0.8398739405832055,
   0.6871277869928819,
   0.6012082944173648,
   0.5536621390420158,
   0.5529079037726204,
   0.33510727727711986,
   0.13651117860488,
   0.0,
   0.1560801598178349,
   0.30535500761680606,
   0.25998594588930746,
   0.39164862737018713,
   0.5094416911417335,
   0.4072993538710182,
   0.36146964809539206,
   0.480761571306039,
   0.5629521799136248,
   0.5099329896625174,
   0.479179999189305,
   0.5020045888848794,
   0.543409248218045
  ],
  [
   0.9694020330629717,
   0.8187227895900481,
   0.7365073823634954,
   0.6899852727741399,
   0.6747188127615331,
   0.48833454420362876,
   0.2925474442439586,
   0.1560801598178349,
   0.0,
   0.4493805585974718,
   0.37040624359427327,
   0.4932751348186737,
   0.6296246125607281,
   0.5239651577446864,
   0.4467585209645425,
   0.5700838700730311,
   0.6769135536712677,
   0.6066691060973035,
   0.5458068175404696,
   0.5359018526619053,
   0.5425814226272612
  ],
  [
   0.5820790599374114,
   0.4763678757463892,
   0.44201660269183984,
   0.44651334491273387,
   0.5330069474768676,
   0.1544193649208124,
   0.19559969689010978,
   0.30535500761680606,
   0.4493805585974718,
   0.0,
   0.19505898892382864,
   0.2825750883113788,
   0.31798824373078477,
   0.16407097657651593,
   0.2510874179427442,
   0.33606774948234863,
   0.3467584423346657,
   0.2958601259259501,
   0.34540355828639085,
   0.43423619907157773,
   0.533655898542284
  ],
  [
   0.601211194411076,
   0.4730385659632225,
   0.44578230208471303,
   0.4725820479570495,
   0.5746758935941707,
   0.2390869222090019,
   0.21303640393116494,
   0.25998594588930746,
   0.37040624359427327,
   0.19505898892382864,
   0.0,
   0.14302929214709922,
   0.2664920906875091,
   0.2260130838751656,
   0.13801271389896533,
   0.22450606789751407,
   0.3074562660547428,
   0.30191651978095796,
   0.2967966780407739,
   0.3473652579616674,
   0.4267467417586954
  ],
  [
   0.4967993790900764,
   0.3672890475367575,
   0.37493999073355994,
   0.4472390533724997,
   0.5949387783783824,
   0.28441617735652314,
   0.3350685513012918,
   0.39164862737018713,
   0.4932751348186737,
   0.2825750883113788,
   0.14302929214709922,
   0.0,
   0.15336891720156615,
   0.274185992759646,
   0.1730717467788315,
   0.13386758376693345,
   0.20428569340580535,
   0.3068772422975448,
   0.32299391509938075,
   0.37535707723699074,
   0.4596336121080563
  ],
  [
   0.3492108767559562,
   0.22282733296566054,
   0.2811498319623098,
   0.3971010031099475,
   0.5843144926053555,
   0.2904990281558859,
   0.4208510887325817,
   0.5094416911417335,
   0.6296246125607281,
   0.31798824373078477,
   0.2664920906875091,
   0.15336891720156615,
   0.0,
   0.3012580725916828,
   0.27823949278281546,
   0.1839572965367516,
   0.10937423168506606,
   0.3229333235911587,
   0.3895224384248411,
   0.4665181898576742,
   0.5666228221085482
  ],
  [
   0.5285411843983258,
   0.48305707532867126,
   0.510850865807325,
   0.5609413956577289,
   0.6811857138650358,
   0.2928572421594206,
   0.33283442055764734,
   0.4072993538710182,
   0.5239651577446864,
   0.16407097657651593,
   0.2260130838751656,
   0.274185992759646,
   0.3012580725916828,
   0.0,
   0.1770186101492182,
   0.2547464184261543,
   0.2757120556555895,
   0.13388385682191103,
   0.20425390576126576,
   0.31176025677128183,
   0.42612202371434055
  ],
  [
   0.5746351913645836,
   0.49882458099526406,
   0.5215224083289257,
   0.5789854608261833,
   0.7017117042179556,
   0.33997106319437387,
   0.33029290444950304,
   0.36146964809539206,
   0.4467585209645425,
   0.2510874179427442,
   0.13801271389896533,
   0.1730717467788315,
   0.27823949278281546,
   0.1770186101492182,
   0.0,
   0.15226727348730273,
   0.26725780391446363,
   0.19303870333330045,
   0.16490467715880433,
   0.22104395393854928,
   0.3168852497906795
  ],
  [
   0.4594799957866212,
   0.39605823673795426,
   0.4593719311939221,
   0.5562659297290443,
   0.7173046602483885,
   0.3795119315375496,
   0.4319624915253013,
   0.480761571306039,
   0.5700838700730311,
   0.33606774948234863,
   0.22450606789751407,
   0.13386758376693345,
   0.1839572965367516,
   0.2547464184261543,
   0.15226727348730273,
   0.0,
   0.15257666361204422,
   0.22497650895130117,
   0.24018784567101686,
   0.29433058736370415,
   0.38824302720577697
  ],
  [
   0.31165193475314257,
   0.26972634422269187,
   0.3738404403093673,
   0.4967372754426394,
   0.6840632532983428,
   0.36109162573934905,
   0.48047325539795843,
   0.5629521799136248,
   0.6769135536712677,
   0.3467584423346657,
   0.3074562660547428,
   0.20428569340580535,
   0.10937423168506606,
   0.2757120556555895,
   0.26725780391446363,
   0.15257666361204422,
   0.0,
   0.25466386685697656,
   0.33332913499660055,
   0.4158030193944314,
   0.5223002708546363
  ],
  [
   0.5023057592730825,
   0.5050544314986186,
   0.5749165610230108,
   0.6536245401217053,
   0.7952048401755402,
   0.4101658359773278,
   0.45280216706570986,
   0.5099329896625174,
   0.6066691060973035,
   0.2958601259259501,
   0.30191651978095796,
   0.3068772422975448,
   0.3229333235911587,
   0.13388385682191103,
   0.19303870333330045,
   0.22497650895130117,
   0.25466386685697656,
   0.0,
   0.1295705341396221,
   0.2438992154015388,
   0.36528473904900877
  ],
  [
   0.6096509464342798,
   0.5952649178196154,
   0.6516310700327523,
   0.7208914328613505,
   0.8476520818100031,
   0.4677427748025406,
   0.45746869685407604,
   0.479179999189305,
   0.5458068175404696,
   0.34540355828639085,
   0.2967966780407739,
   0.32299391509938075,
   0.3895224384248411,
   0.20425390576126576,
   0.16490467715880433,
   0.24018784567101686,
   0.33332913499660055,
   0.1295705341396221,
   0.0,
   0.11632246675307459,
   0.23718780357386068
  ],
  [
   0.6994290857763337,
   0.6796409142678574,
   0.7324260728726972,
   0.799461476951173,
   0.9188811736345169,
   0.5517329458692162,
   0.5102467906421206,
   0.5020045888848794,
   0.5359018526619053,
   0.43423619907157773,
   0.3473652579616674,
   0.37535707723699074,
   0.4665181898576742,
   0.31176025677128183,
   0.22104395393854928,
   0.29433058736370415,
   0.4158030193944314,
   0.2438992154015388,
   0.11632246675307459,
   0.0,
   0.12144223529793217
  ],
  [
   0.8081699549597036,
   0.7826677277070107,
   0.8292814183485181,
   0.8910480727579612,
   1.0,
   0.6475818045307127,
   0.5788300970509433,
   0.543409248218045,
   0.5425814226272612,
   0.533655898542284,
   0.4267467417586954,
   0.4596336121080563,
   0.5666228221085482,
   0.42612202371434055,
   0.3168852497906795,
   0.38824302720577697,
   0.5223002708546363,
   0.36528473904900877,
   0.23718780357386068,
   0.12144223529793217,
   0.0
  ]
 ]
}