{
 "3": [
  [
   0.0,
   0.2746062175705459,
   0.4626192963937906,
   0.6372678700203755,
   0.8498212915775205,
   0.6454243508663174,
   0.8084147723432152,
   0.8863176713900639,
   1.0,
   0.67488957940859,
   0.8146155878920821,
   0.746590134440957,
   0.6069781120073227,
   0.6136688891063059,
   0.7106340261194419,
   0.6035998486010979,
   0.4601369626843175,
   0.5835276525039463,
   0.6507686810166883,
   0.5594702086620542,
   0.4328301798873496
  ],
  [
   0.2746062175705459,
   0.0,
   0.2192468130211788,
   0.4114026053041296,
   0.6535250497790788,
   0.46325983090044853,
   0.6169182406562731,
   0.6928222197142949,
   0.7974611170831285,
   0.553258170527638,
   0.6626620118800806,
   0.5801100266132818,
   0.41284361259313435,
   0.5619429069009063,
   0.6049761427932652,
   0.481147951746043,
   0.30768830633794975,
   0.5875496887732011,
   0.6015492965165461,
   0.4971907181801256,
   0.38337928024736345
  ],
  [
   0.4626192963937906,
   0.2192468130211788,
   0.0,
   0.19294594790504022,
   0.44074039639588003,
   0.3581365922416263,
   0.4427277008292483,
   0.4931084593243352,
   0.5832413162896897,
   0.4612254769387552,
   0.5036437975484358,
   0.3964116767936177,
   0.22141031974697079,
   0.5003211575163871,
   0.4717116285708008,
   0.33593699764274365,
   0.18522330522519595,
   0.5480896976330673,
   0.507976244958418,
   0.4019283567721616,
   0.3346734926632695
  ],
  [
   0.6372678700203755,
   0.4114026053041296,
   0.19294594790504022,
   0.0,
   0.2529032202882955,
   0.3709267297281426,
   0.3409730711150949,
   0.3379664775059097,
   0.3980285485603767,
   0.4579281819866435,
   0.4093119337069251,
   0.2719653267106171,
   0.13866218960280735,
   0.5129529448438852,
   0.4075928381267139,
   0.27883624623841197,
   0.2333889808119549,
   0.5694720068649131,
   0.48039936824022406,
   0.38856680335246085,
   0.38524975397948824
  ],
  [
   0.8498212915775205,
   0.6535250497790788,
   0.44074039639588003,
   0.2529032202882955,
   0.0,
   0.5237840879551677,
   0.3684648138091005,
   0.2535430196990964,
   0.20535779059198625,
   0.5568196598590408,
   0.40051415859127903,
   0.25483599597779794,
   0.290661862620471,
   0.5958259897791139,
   0.41590129136138754,
   0.33329426251968425,
   0.41114310279067817,
   0.6385242904410822,
   0.5048646456270413,
   0.44666255977927716,
   0.5122163348222176
  ],
  [
   0.6454243508663174,
   0.46325983090044853,
   0.3581365922416263,
   0.3709267297281426,
   0.5237840879551677,
   0.0,
   0.23491039043342965,
   0.38225191075952236,
   0.5430359379548116,
   0.1790857131532944,
   0.29897024965914104,
   0.3316117608171915,
   0.2767994744385381,
   0.3395598310918521,
   0.3570518695865412,
   0.37299740779384594,
   0.32485317005363756,
   0.4754175244317586,
   0.44959916249421267,
   0.43854746517875437,
   0.4066482110316407
  ],
  [
   0.8084147723432152,
   0.6169182406562731,
   0.4427277008292483,
   0.3409730711150949,
   0.3684648138091005,
   0.23491039043342965,
   0.0,
   0.1579922118182959,
   0.325927886011243,
   0.2571031733156753,
   0.14016600880819077,
   0.18577340649172872,
   0.25518236513138526,
   0.39190003910737076,
   0.2824381889178805,
   0.33193007969877614,
   0.3828700843207881,
   0.5142935991603319,
   0.4233670045418565,
   0.4315487094934535,
   0.4670227616344069
  ],
  [
   0.8863176713900639,
   0.6928222197142949,
   0.4931084593243352,
   0.3379664775059097,
   0.2535430196990964,
   0.38225191075952236,
   0.1579922118182959,
   0.0,
   0.17277909645844478,
   0.3892210959428745,
   0.19445159644772136,
   0.16066191827685927,
   0.2865869686289336,
   0.47865447711195136,
   0.30829311331424547,
   0.3368769279323892,
   0.43090809942858793,
   0.5705509393910427,
   0.4468583733727817,
   0.44797287797117646,
   0.5148926815809152
  ],
  [
   1.0,
   0.7974611170831285,
   0.5832413162896897,
   0.3980285485603767,
   0.20535779059198625,
   0.5430359379548116,
   0.325927886011243,
   0.17277909645844478,
   0.0,
   0.560472336107099,
   0.35775596762496764,
   0.289601926816933,
   0.39769076976838713,
   0.6331931698871177,
   0.4434803144246496,
   0.4413848885682827,
   0.5423813738229533,
   0.7041092511701108,
   0.5658417893281021,
   0.5536904797095338,
   0.6326967020911815
  ],
  [
   0.67488957940859,
   0.553258170527638,
   0.4612254769387552,
   0.4579281819866435,
   0.5568196598590408,
   0.1790857131532944,
   0.2571031733156753,
   0.3892210959428745,
   0.560472336107099,
   0.0,
   0.225789803205233,
   0.31221551487970095,
   0.32803439072640345,
   0.19005390995425447,
   0.2479217239482458,
   0.33667337979655765,
   0.3518353615963688,
   0.3428087633748587,
   0.3281475503963176,
   0.36705166526170113,
   0.36342135513591406
  ],
  [
   0.8146155878920821,
   0.6626620118800806,
   0.5036437975484358,
   0.4093119337069251,
   0.40051415859127903,
   0.29897024965914104,
   0.14016600880819077,
   0.19445159644772136,
   0.35775596762496764,
   0.225789803205233,
   0.0,
   0.16576512494323217,
   0.29564086391606004,
   0.30850891497012356,
   0.17602912724051212,
   0.2919227843043843,
   0.39199697040640097,
   0.4202868309896787,
   0.32087092775622633,
   0.36567839521181983,
   0.4278414855905242
  ],
  [
   0.746590134440957,
   0.5801100266132818,
   0.3964116767936177,
   0.2719653267106171,
   0.25483599597779794,
   0.3316117608171915,
   0.18577340649172872,
   0.16066191827685927,
   0.289601926816933,
   0.31221551487970095,
   0.16576512494323217,
   0.0,
   0.17514906205283248,
   0.3542556641506712,
   0.1797602190837357,
   0.17740734459531157,
   0.29093742019584207,
   0.4268690303955722,
   0.3032655143440874,
   0.2883471311742277,
   0.35694929459943125
  ],
  [
   0.6069781120073227,
   0.41284361259313435,
   0.22141031974697079,
   0.13866218960280735,
   0.290661862620471,
   0.2767994744385381,
   0.25518236513138526,
   0.2865869686289336,
   0.39769076976838713,
   0.32803439072640345,
   0.29564086391606004,
   0.17514906205283248,
   0.0,
   0.37619782704025917,
   0.2790878938736774,
   0.17289153399492974,
   0.15603860074429304,
   0.4436777955399474,
   0.3577470405838419,
   0.28442354643773976,
   0.28865123214851873
  ],
  [
   0.6136688891063059,
   0.5619429069009063,
   0.5003211575163871,
   0.5129529448438852,
   0.5958259897791139,
   0.3395598310918521,
   0.39190003910737076,
   0.47865447711195136,
   0.6331931698871177,
   0.19005390995425447,
   0.30850891497012356,
   0.3542556641506712,
   0.37619782704025917,
   0.0,
   0.20565963792439512,
   0.2955871509329842,
   0.33904220877356,
   0.1552726557257827,
   0.18876066484223294,
   0.25738718409901096,
   0.26403705367778
  ],
  [
   0.7106340261194419,
   0.6049761427932652,
   0.4717116285708008,
   0.4075928381267139,
   0.41590129136138754,
   0.3570518695865412,
   0.2824381889178805,
   0.30829311331424547,
   0.4434803144246496,
   0.2479217239482458,
   0.17602912724051212,
   0.1797602190837357,
   0.2790878938736774,
   0.20565963792439512,
   0.0,
   0.17659349162564958,
   0.3112194828116336,
   0.26651536275349347,
   0.14671159826768032,
   0.2048525013634295,
   0.29027065040318534
  ],
  [
   0.6035998486010979,
   0.481147951746043,
   0.33593699764274365,
   0.27883624623841197,
   0.33329426251968425,
   0.37299740779384594,
   0.33193007969877614,
   0.3368769279323892,
   0.4413848885682827,
   0.33667337979655765,
   0.2919227843043843,
   0.17740734459531157,
   0.17289153399492974,
   0.2955871509329842,
   0.17659349162564958,
   0.0,
   0.17411477063744327,
   0.31409952462341517,
   0.20539790272425276,
   0.12518838830753484,
   0.19472910473753163
  ],
  [
   0.4601369626843175,
   0.30768830633794975,
   0.18522330522519595,
   0.2333889808119549,
   0.41114310279067817,
   0.32485317005363756,
   0.3828700843207881,
   0.43090809942858793,
   0.5423813738229533,
   0.3518353615963688,
   0.39199697040640097,
   0.29093742019584207,
   0.15603860074429304,
   0.33904220877356,
   0.3112194828116336,
   0.17411477063744327,
   0.0,
   0.36944818112312083,
   0.32494402787963317,
   0.21956190058206854,
   0.16192452388913042
  ],
  [
   0.5835276525039463,
   0.5875496887732011,
   0.5480896976330673,
   0.5694720068649131,
   0.6385242904410822,
   0.4754175244317586,
   0.5142935991603319,
   0.5705509393910427,
   0.7041092511701108,
   0.3428087633748587,
   0.4202868309896787,
   0.4268690303955722,
   0.4436777955399474,
   0.1552726557257827,
   0.26651536275349347,
   0.31409952462341517,
   0.36944818112312083,
   0.0,
   0.15048527042689921,
   0.2169219630669666,
   0.2340535423921789
  ],
  [
   0.6507686810166883,
   0.6015492965165461,
   0.507976244958418,
   0.48039936824022406,
   0.5048646456270413,
   0.44959916249421267,
   0.4233670045418565,
   0.4468583733727817,
   0.5658417893281021,
   0.3281475503963176,
   0.32087092775622633,
   0.3032655143440874,
   0.3577470405838419,
   0.18876066484223294,
   0.14671159826768032,
   0.20539790272425276,
   0.32494402787963317,
   0.15048527042689921,
   0.0,
   0.13507924441841274,
   0.23021836850705543
  ],
  [
   0.5594702086620542,
   0.4971907181801256,
   0.4019283567721616,
   0.38856680335246085,
   0.44666255977927716,
   0.43854746517875437,
   0.4315487094934535,
   0.44797287797117646,
   0.5536904797095338,
   0.36705166526170113,
   0.36567839521181983,
   0.2883471311742277,
   0.28442354643773976,
   0.25738718409901096,
   0.2048525013634295,
   0.12518838830753484,
   0.21956190058206854,
   0.2169219630669666,
   0.13507924441841274,
   0.0,
   0.13098130827871854
  ],
  [
   0.4328301798873496,
   0.38337928024736345,
   0.3346734926632695,
   0.38524975397948824,
   0.5122163348222176,
   0.4066482110316407,
   0.4670227616344069,
   0.5148926815809152,
   0.6326967020911815,
   0.36342135513591406,
   0.4278414855905242,
   0.35694929459943125,
   0.28865123214851873,
   0.26403705367778,
   0.29027065040318534,
   0.19472910473753163,
   0.16192452388913042,
   0.2340535423921789,
   0.23021836850705543,
   0.13098130827871854,
   0.0
  ]
 ]
}