{
 "1": [
  [
   0.0,
   0.2896595392348497,
   0.5042181717580547,
   0.6667904674254563,
   0.8267925493838815,
   0.682698352154002,
   0.9211492700383223,
   1.0,
   0.9863794170514039,
   0.7136802583664248,
   0.9177539933773399,
   0.9408163163379367,
   0.9072193718567926,
   0.6484528085540863,
   0.7790947591621435,
   0.7075181778251971,
   0.6200811805125431,
   0.6162243078707507,
   0.6859646248749972,
   0.6373434683069928,
   0.5618439998522211
  ],
  [
   0.2896595392348497,
   0.0,
   0.22984325515913426,
   0.4204961696967417,
   0.6263991171413088,
   0.49016047115342815,
   0.7263238683639724,
   0.7885509916762302,
   0.757797149423572,
   0.584767454778248,
   0.7864211282759526,
   0.7855880863748039,
   0.721042877935661,
   0.5929805004482779,
   0.6753892444074652,
   0.576991843040226,
   0.4644928632454904,
   0.619357875756879,
   0.6319805371450561,
   0.5603494391940578,
   0.4745744006905086
  ],
  [
   0.5042181717580547,
   0.22984325515913426,
   0.0,
   0.20309947801351988,
   0.43647557820380595,
   0.342743907937852,
   0.547304269489809,
   0.5854231713178392,
   0.5408141488463023,
   0.4749211950479956,
   0.6460005720479548,
   0.6213385224547134,
   0.5365788482815755,
   0.5397382437544584,
   0.5641989470908795,
   0.4571361065474595,
   0.35463051993345207,
   0.6070830972517816,
   0.5698210515861544,
   0.4930874818831485,
   0.42582590800554165
  ],
  [
   0.6667904674254563,
   0.4204961696967417,
   0.20309947801351988,
   0.0,
   0.25058766873624577,
   0.2579695745732154,
   0.38861271886049814,
   0.39336396333285906,
   0.338913231319504,
   0.37968164643134406,
   0.49350573688071403,
   0.4434908432298732,
   0.34888827665163974,
   0.4786370806051352,
   0.4390318206015135,
   0.34185295465430565,
   0.2954399044646459,
   0.5714158210009784,
   0.49204954845509835,
   0.42579412075930617,
   0.4003391619176499
  ],
  [
   0.8267925493838815,
   0.6263991171413088,
   0.43647557820380595,
   0.25058766873624577,
   0.0,
   0.3762586033465565,
   0.3714695081136347,
   0.29770188843836287,
   0.201809721390722,
   0.3932333568242441,
   0.37667363684917327,
   0.25273361868650307,
   0.1027585553313449,
   0.45841394348515124,
   0.30993071245060544,
   0.21881344776343545,
   0.2739291989202875,
   0.5361828406348025,
   0.4049243274021659,
   0.3480934980108117,
   0.37570293211879235
  ],
  [
   0.682698352154002,
   0.49016047115342815,
   0.342743907937852,
   0.2579695745732154,
   0.3762586033465565,
   0.0,
   0.24632013868672634,
   0.357759560418846,
   0.4257080373561815,
   0.18900757177106028,
   0.37084088815731703,
   0.4173227122301931,
   0.4343428209610085,
   0.35817919751921146,
   0.4000009061175772,
   0.41483620919013425,
   0.46160397911650497,
   0.5014266895921425,
   0.465183251894879,
   0.4730101712187678,
   0.5079807287845091
  ],
  [
   0.9211492700383223,
   0.7263238683639724,
   0.547304269489809,
   0.38861271886049814,
   0.3714695081136347,
   0.24632013868672634,
   0.0,
   0.16455524838670232,
   0.32011156136560615,
   0.2683438368351059,
   0.2661927024329226,
   0.3116737843674046,
   0.3774723848428774,
   0.45463750828977717,
   0.412266205460067,
   0.47625796585045505,
   0.5769090977992584,
   0.6086276743509205,
   0.5362833100536223,
   0.5681129906039931,
   0.6382515217122237
  ],
  [
   1.0,
   0.7885509916762302,
   0.5854231713178392,
   0.39336396333285906,
   0.29770188843836287,
   0.357759560418846,
   0.16455524838670232,
   0.0,
   0.18117047925380167,
   0.37996449293573203,
   0.3035194236905942,
   0.2584921470972463,
   0.28011316215977894,
   0.5340493673022481,
   0.4232651641790133,
   0.456720057288375,
   0.5541395631777621,
   0.6680921303778576,
   0.5623144708410889,
   0.5721271263795901,
   0.6366656679170344
  ],
  [
   0.9863794170514039,
   0.757797149423572,
   0.5408141488463023,
   0.338913231319504,
   0.201809721390722,
   0.4257080373561815,
   0.32011156136560615,
   0.18117047925380167,
   0.0,
   0.47324053725512844,
   0.41557608380737615,
   0.2998416573021991,
   0.1987919916113786,
   0.5945285135711401,
   0.45051167029279116,
   0.4127946244279269,
   0.46753778678135927,
   0.7013153869391338,
   0.5748333940825153,
   0.5421995459636602,
   0.5765369318612257
  ],
  [
   0.7136802583664248,
   0.584767454778248,
   0.4749211950479956,
   0.37968164643134406,
   0.3932333568242441,
   0.18900757177106028,
   0.2683438368351059,
   0.37996449293573203,
   0.47324053725512844,
   0.0,
   0.23478747147377735,
   0.33221568166529547,
   0.4168060099494704,
   0.20056944790090864,
   0.26883904283345006,
   0.3602222567384287,
   0.4728079929751766,
   0.3616970719285257,
   0.33507907978866236,
   0.3945430779170069,
   0.47779865365794855
  ],
  [
   0.9177539933773399,
   0.7864211282759526,
   0.6460005720479548,
   0.49350573688071403,
   0.37667363684917327,
   0.37084088815731703,
   0.2661927024329226,
   0.3035194236905942,
   0.41557608380737615,
   0.23478747147377735,
   0.0,
   0.17048849576082475,
   0.3387259986963205,
   0.3096622082962564,
   0.2236886116026372,
   0.37342014298546583,
   0.5400211628893596,
   0.4371684926526004,
   0.3563660752039048,
   0.43603768820844746,
   0.5533656989392015
  ],
  [
   0.9408163163379367,
   0.7855880863748039,
   0.6213385224547134,
   0.4434908432298732,
   0.25273361868650307,
   0.4173227122301931,
   0.3116737843674046,
   0.2584921470972463,
   0.2998416573021991,
   0.33221568166529547,
   0.17048849576082475,
   0.0,
   0.1846424408611124,
   0.3882996272833851,
   0.2101033117523064,
   0.2925795813092378,
   0.45440532773816683,
   0.484089000538627,
   0.35732481971888863,
   0.3902790475823733,
   0.49345692427305843
  ],
  [
   0.9072193718567926,
   0.721042877935661,
   0.5365788482815755,
   0.34888827665163974,
   0.1027585553313449,
   0.4343428209610085,
   0.3774723848428774,
   0.28011316215977894,
   0.1987919916113786,
   0.4168060099494704,
   0.3387259986963205,
   0.1846424408611124,
   0.0,
   0.47328658387546396,
   0.29153861778670953,
   0.24319634958863334,
   0.3439328091302405,
   0.5485970842133836,
   0.4065271986322152,
   0.3714923576474866,
   0.42644606751253666
  ],
  [
   0.6484528085540863,
   0.5929805004482779,
   0.5397382437544584,
   0.4786370806051352,
   0.45841394348515124,
   0.35817919751921146,
   0.45463750828977717,
   0.5340493673022481,
   0.5945285135711401,
   0.20056944790090864,
   0.3096622082962564,
   0.3882996272833851,
   0.47328658387546396,
   0.0,
   0.21434272358630033,
   0.32087066955515003,
   0.44661952947389744,
   0.16378976686966723,
   0.18724762098001602,
   0.2872307503862263,
   0.3927593029714316
  ],
  [
   0.7790947591621435,
   0.6753892444074652,
   0.5641989470908795,
   0.4390318206015135,
   0.30993071245060544,
   0.4000009061175772,
   0.412266205460067,
   0.4232651641790133,
   0.45051167029279116,
   0.26883904283345006,
   0.2236886116026372,
   0.2101033117523064,
   0.29153861778670953,
   0.21434272358630033,
   0.0,
   0.18523674042368546,
   0.36702560733951245,
   0.27685977087240515,
   0.14901803753498144,
   0.21826782620041957,
   0.34853594944434063
  ],
  [
   0.7075181778251971,
   0.576991843040226,
   0.4571361065474595,
   0.34185295465430565,
   0.21881344776343545,
   0.41483620919013425,
   0.47625796585045505,
   0.456720057288375,
   0.4127946244279269,
   0.3602222567384287,
   0.37342014298546583,
   0.2925795813092378,
   0.24319634958863334,
   0.32087066955515003,
   0.18523674042368546,
   0.0,
   0.1875627521333269,
   0.3447331698492525,
   0.20879948049187255,
   0.1308414710020766,
   0.2017602277093186
  ],
  [
   0.6200811805125431,
   0.4644928632454904,
   0.35463051993345207,
   0.2954399044646459,
   0.2739291989202875,
   0.46160397911650497,
   0.5769090977992584,
   0.5541395631777621,
   0.46753778678135927,
   0.4728079929751766,
   0.5400211628893596,
   0.45440532773816683,
   0.3439328091302405,
   0.44661952947389744,
   0.36702560733951245,
   0.1875627521333269,
   0.0,
   0.45223177763864986,
   0.3530836983996389,
   0.22354767982896656,
   0.141141154365367
  ],
  [
   0.6162243078707507,
   0.619357875756879,
   0.6070830972517816,
   0.5714158210009784,
   0.5361828406348025,
   0.5014266895921425,
   0.6086276743509205,
   0.6680921303778576,
   0.7013153869391338,
   0.3616970719285257,
   0.4371684926526004,
   0.484089000538627,
   0.5485970842133836,
   0.16378976686966723,
   0.27685977087240515,
   0.3447331698492525,
   0.45223177763864986,
   0.0,
   0.1535969890674251,
   0.2513776397412761,
   0.3524326516187763
  ],
  [
   0.6859646248749972,
   0.6319805371450561,
   0.5698210515861544,
   0.49204954845509835,
   0.4049243274021659,
   0.465183251894879,
   0.5362833100536223,
   0.5623144708410889,
   0.5748333940825153,
   0.33507907978866236,
   0.3563660752039048,
   0.35732481971888863,
   0.4065271986322152,
   0.18724762098001602,
   0.14901803753498144,
   0.20879948049187255,
   0.3530836983996389,
   0.1535969890674251,
   0.0,
   0.14091218180076362,
   0.2782587972829979
  ],
  [
   0.6373434683069928,
   0.5603494391940578,
   0.4930874818831485,
   0.42579412075930617,
   0.3480934980108117,
   0.4730101712187678,
   0.5681129906039931,
   0.5721271263795901,
   0.5421995459636602,
   0.3945430779170069,
   0.43603768820844746,
   0.3902790475823733,
   0.3714923576474866,
   0.2872307503862263,
   0.21826782620041957,
   0.1308414710020766,
   0.22354767982896656,
   0.2513776397412761,
   0.14091218180076362,
   0.0,
   0.14322020089907206
  ],
  [
   0.5618439998522211,
   0.4745744006905086,
   0.42582590800554165,
   0.4003391619176499,
   0.37570293211879235,
   0.5079807287845091,
   0.6382515217122237,
   0.6366656679170344,
   0.5765369318612257,
   0.47779865365794855,
   0.5533656989392015,
   0.49345692427305843,
   0.42644606751253666,
   0.3927593029714316,
   0.34853594944434063,
   0.2017602277093186,
   0.141141154365367,
   0.3524326516187763,
   0.2782587972829979,
   0.14322020089907206,
   0.0
  ]
 ],
 "3": [
  [
   0.0,
   0.3181176102163461,
   0.5500295874099088,
   0.7257201761382566,
   0.7663159159531089,
   0.7477267150166792,
   0.9877200202446225,
   0.9839955416458647,
   0.8977955146637489,
   0.78144235685286,
   1.0,
   0.9600849269429718,
   0.8217565792215823,
   0.7098840318329653,
   0.8260476182556895,
   0.697518460947342,
   0.5249722805603817,
   0.6748959654002207,
   0.7210328512834648,
   0.5952522592491505,
   0.4485540608910273
  ],
  [
   0.3181176102163461,
   0.0,
   0.25003243953279974,
   0.4550884441433313,
   0.5858485251936899,
   0.5366212165244854,
   0.775422424595618,
   0.7626595869977084,
   0.6534027838614584,
   0.6404672623861443,
   0.8337195500430697,
   0.778516280850122,
   0.6142155581726206,
   0.6499253477629464,
   0.7136535049946253,
   0.5743169195569564,
   0.3776962961845105,
   0.6795034543364404,
   0.6839892019501626,
   0.5619472430567553,
   0.42713871550211
  ],
  [
   0.5500295874099088,
   0.25003243953279974,
   0.0,
   0.21825485016639237,
   0.42175360184368577,
   0.41498515553497556,
   0.60359785287433,
   0.5623882126660367,
   0.42900879613168785,
   0.5514709281344841,
   0.684394929585532,
   0.6037993240121333,
   0.423741127900371,
   0.6113987903921165,
   0.6039281959222823,
   0.4669383833316208,
   0.30531968229791556,
   0.6753568936196318,
   0.6360377767130484,
   0.5361857057369583,
   0.45244691815947347
  ],
  [
   0.7257201761382566,
   0.4550884441433313,
   0.21825485016639237,
   0.0,
   0.27029323982558,
   0.35845093669960754,
   0.4504383863513788,
   0.3677628033947618,
   0.21344991594661855,
   0.4760009508794297,
   0.5291970827741677,
   0.42118011872221023,
   0.23867115604250386,
   0.5606150530575227,
   0.4821173731723166,
   0.3715679282148243,
   0.30297342766555,
   0.6438343148324279,
   0.5704817295405703,
   0.5097271763031967,
   0.48589595758942933
  ],
  [
   0.7663159159531089,
   0.5858485251936899,
   0.42175360184368577,
   0.27029323982558,
   0.0,
   0.40574018122532307,
   0.41578103852061105,
   0.29821805702754267,
   0.22240019472526454,
   0.3910186715182088,
   0.38789288627851715,
   0.24133257583725698,
   0.09454505560695399,
   0.39601989786498837,
   0.24179110281334273,
   0.1397983960587206,
   0.24158076271351103,
   0.44867811531694146,
   0.3369216587395295,
   0.3240998768415161,
   0.3791838724875549
  ],
  [
   0.7477267150166792,
   0.5366212165244854,
   0.41498515553497556,
   0.35845093669960754,
   0.40574018122532307,
   0.0,
   0.27006581528326895,
   0.35365177871063547,
   0.3842582845374375,
   0.20765770634295913,
   0.37115713476901635,
   0.410769321880081,
   0.36618242295647946,
   0.39398005636030276,
   0.43659638511467175,
   0.455544138629408,
   0.41114657888694345,
   0.5515658366391712,
   0.5659237722345255,
   0.5646770640814098,
   0.5167565891858843
  ],
  [
   0.9877200202446225,
   0.775422424595618,
   0.60359785287433,
   0.4504383863513788,
   0.41578103852061105,
   0.27006581528326895,
   0.0,
   0.17892724378923053,
   0.331040887282396,
   0.27760337529819074,
   0.18825089528598438,
   0.26774117556044086,
   0.34357472527196314,
   0.46596640941307294,
   0.4060930804957493,
   0.4988996067326882,
   0.5530488257840247,
   0.6271557554483358,
   0.6042809987436629,
   0.6542736466860273,
   0.6685776964309337
  ],
  [
   0.9839955416458647,
   0.7626595869977084,
   0.5623882126660367,
   0.3677628033947618,
   0.29821805702754267,
   0.35365177871063547,
   0.17892724378923053,
   0.0,
   0.1872382757198268,
   0.36189972380377905,
   0.22509217100565265,
   0.15140864973862997,
   0.2136424042801841,
   0.49188906420600015,
   0.3520240915769282,
   0.40934788901539737,
   0.4933246673557616,
   0.6188647253248564,
   0.5484822606067724,
   0.5891247466385651,
   0.6298236158876862
  ],
  [
   0.8977955146637489,
   0.6534027838614584,
   0.42900879613168785,
   0.21344991594661855,
   0.22240019472526454,
   0.3842582845374375,
   0.331040887282396,
   0.1872382757198268,
   0.0,
   0.4463419605303328,
   0.3896109550893136,
   0.2547885075754442,
   0.13505127428174152,
   0.54565964847233,
   0.4010161915314667,
   0.3609372014292021,
   0.40451445420245175,
   0.6433272424931711,
   0.5494798112976567,
   0.5428134504106821,
   0.571979688176616
  ],
  [
   0.78144235685286,
   0.6404672623861443,
   0.5514709281344841,
   0.4760009508794297,
   0.3910186715182088,
   0.20765770634295913,
   0.27760337529819074,
   0.36189972380377905,
   0.4463419605303328,
   0.0,
   0.25915864499870556,
   0.34597867217645606,
   0.3765618865319824,
   0.22074947053587646,
   0.30129778385595973,
   0.39531899224844386,
   0.419316247728447,
   0.3978770682390737,
   0.43571646522471186,
   0.48331739072591473,
   0.46985923255024775
  ],
  [
   1.0,
   0.8337195500430697,
   0.684394929585532,
   0.5291970827741677,
   0.38789288627851715,
   0.37115713476901635,
   0.18825089528598438,
   0.22509217100565265,
   0.3896109550893136,
   0.25915864499870556,
   0.0,
   0.18798962710332717,
   0.345046616153749,
   0.371383858387157,
   0.28033659649985804,
   0.4341090099414908,
   0.5441164906815781,
   0.5145907360637636,
   0.4874177455190263,
   0.575246088366148,
   0.6236724614215493
  ],
  [
   0.9600849269429718,
   0.778516280850122,
   0.6037993240121333,
   0.42118011872221023,
   0.24133257583725698,
   0.410769321880081,
   0.26774117556044086,
   0.15140864973862997,
   0.2547885075754442,
   0.34597867217645606,
   0.18798962710332717,
   0.0,
   0.19697247616911265,
   0.4089092896969677,
   0.22419652633338455,
   0.3179986052342133,
   0.4535518242414207,
   0.510490304140584,
   0.4251128577054362,
   0.49044002122931823,
   0.5606793097063385
  ],
  [
   0.8217565792215823,
   0.6142155581726206,
   0.423741127900371,
   0.23867115604250386,
   0.09454505560695399,
   0.36618242295647946,
   0.34357472527196314,
   0.2136424042801841,
   0.13505127428174152,
   0.3765618865319824,
   0.345046616153749,
   0.19697247616911265,
   0.0,
   0.43123107133818367,
   0.2779933762526165,
   0.2289385573489966,
   0.3057815563942503,
   0.5131651024908617,
   0.4144923588102339,
   0.413566514351321,
   0.4562437704045039
  ],
  [
   0.7098840318329653,
   0.6499253477629464,
   0.6113987903921165,
   0.5606150530575227,
   0.39601989786498837,
   0.39398005636030276,
   0.46596640941307294,
   0.49188906420600015,
   0.54565964847233,
   0.22074947053587646,
   0.371383858387157,
   0.4089092896969677,
   0.43123107133818367,
   0.0,
   0.23163914909441577,
   0.32310682221477,
   0.3764984445277577,
   0.18000681727707563,
   0.26136008462583193,
   0.3329601440224098,
   0.343750962597074
  ],
  [
   0.8260476182556895,
   0.7136535049946253,
   0.6039281959222823,
   0.4821173731723166,
   0.24179110281334273,
   0.43659638511467175,
   0.4060930804957493,
   0.3520240915769282,
   0.4010161915314667,
   0.30129778385595973,
   0.28033659649985804,
   0.22419652633338455,
   0.2779933762526165,
   0.23163914909441577,
   0.0,
   0.1990701865116445,
   0.3588231781036167,
   0.2907221546993617,
   0.2120387073600006,
   0.30951932930296766,
   0.39598633962597984
  ],
  [
   0.697518460947342,
   0.5743169195569564,
   0.4669383833316208,
   0.3715679282148243,
   0.1397983960587206,
   0.455544138629408,
   0.4988996067326882,
   0.40934788901539737,
   0.3609372014292021,
   0.39531899224844386,
   0.4341090099414908,
   0.3179986052342133,
   0.2289385573489966,
   0.32310682221477,
   0.1990701865116445,
   0.0,
   0.1970430094124269,
   0.32900173735672283,
   0.20744345884009646,
   0.18792272170548113,
   0.2706628686596739
  ],
  [
   0.5249722805603817,
   0.3776962961845105,
   0.30531968229791556,
   0.30297342766555,
   0.24158076271351103,
   0.41114657888694345,
   0.5530488257840247,
   0.4933246673557616,
   0.40451445420245175,
   0.419316247728447,
   0.5441164906815781,
   0.4535518242414207,
   0.3057815563942503,
   0.3764984445277577,
   0.3588231781036167,
   0.1970430094124269,
   0.0,
   0.3925317061287706,
   0.33559932638478324,
   0.2326752553409674,
   0.1840825709364558
  ],
  [
   0.6748959654002207,
   0.6795034543364404,
   0.6753568936196318,
   0.6438343148324279,
   0.44867811531694146,
   0.5515658366391712,
   0.6271557554483358,
   0.6188647253248564,
   0.6433272424931711,
   0.3978770682390737,
   0.5145907360637636,
   0.510490304140584,
   0.5131651024908617,
   0.18000681727707563,
   0.2907221546993617,
   0.32900173735672283,
   0.3925317061287706,
   0.0,
   0.16903031292772863,
   0.24487926435649676,
   0.2876961154715855
  ],
  [
   0.7210328512834648,
   0.6839892019501626,
   0.6360377767130484,
   0.5704817295405703,
   0.3369216587395295,
   0.5659237722345255,
   0.6042809987436629,
   0.5484822606067724,
   0.5494798112976567,
   0.43571646522471186,
   0.4874177455190263,
   0.4251128577054362,
   0.4144923588102339,
   0.26136008462583193,
   0.2120387073600006,
   0.20744345884009646,
   0.33559932638478324,
   0.16903031292772863,
   0.0,
   0.15386602557728538,
   0.2788529753863309
  ],
  [
   0.5952522592491505,
   0.5619472430567553,
   0.5361857057369583,
   0.5097271763031967,
   0.3240998768415161,
   0.5646770640814098,
   0.6542736466860273,
   0.5891247466385651,
   0.5428134504106821,
   0.48331739072591473,
   0.575246088366148,
   0.49044002122931823,
   0.413566514351321,
   0.3329601440224098,
   0.30951932930296766,
   0.18792272170548113,
   0.2326752553409674,
   0.24487926435649676,
   0.15386602557728538,
   0.0,
   0.15528928952159127
  ],
  [
   0.4485540608910273,
   0.42713871550211,
   0.45244691815947347,
   0.48589595758942933,
   0.3791838724875549,
   0.5167565891858843,
   0.6685776964309337,
   0.6298236158876862,
   0.571979688176616,
   0.46985923255024775,
   0.6236724614215493,
   0.5606793097063385,
   0.4562437704045039,
   0.343750962597074,
   0.39598633962597984,
   0.2706628686596739,
   0.1840825709364558,
   0.2876961154715855,
   0.2788529753863309,
   0.15528928952159127,
   0.0
  ]
 ],
 "8": [
  [
   0.0,
   0.29551627310583883,
   0.49949181155352784,
   0.6002643883029837,
   0.6408069030367988,
   0.6953968812082989,
   0.9411154955735002,
   1.0,
   0.961222444998539,
   0.7263523473319378,
   0.9541031247127969,
   0.9711731260803071,
   0.9001648484142403,
   0.6595390486243411,
   0.7297546913685606,
   0.59303956607721,
   0.40921637226398333,
   0.6269329798159625,
   0.6092101038085185,
   0.48782272097892565,
   0.3494478379633728
  ],
  [
   0.29551627310583883,
   0.0,
   0.23545326526901564,
   0.39979064901667183,
   0.549662063091604,
   0.49896307595601647,
   0.7397648058892266,
   0.7869813135798582,
   0.740940844761137,
   0.5950121719652263,
   0.8144485153630001,
   0.815135124454956,
   0.7289721300703893,
   0.6033165906773823,
   0.6323855704196977,
   0.48715992594862095,
   0.3097901428810994,
   0.6305892526266031,
   0.5787079945366783,
   0.4584230783698814,
   0.3610819609535327
  ],
  [
   0.49949181155352784,
   0.23545326526901564,
   0.0,
   0.2060877028631995,
   0.43868501377197544,
   0.4349390332386967,
   0.6298849473757439,
   0.632603558986645,
   0.5493715252109174,
   0.5458006448224942,
   0.7203763584235793,
   0.6789948517532856,
   0.5594706835725411,
   0.5815586207271912,
   0.5352258578798871,
   0.3856120259871066,
   0.2806276691988325,
   0.6246172577317195,
   0.531055238598069,
   0.42815519884722303,
   0.4077990255480202
  ],
  [
   0.6002643883029837,
   0.39979064901667183,
   0.2060877028631995,
   0.0,
   0.2654446029663288,
   0.439341638890689,
   0.5822065455096003,
   0.5430610945977102,
   0.423865320994881,
   0.4935377426547057,
   0.6204820387319293,
   0.5399779837460471,
   0.3902293065060419,
   0.4998059054108306,
   0.38409454883359284,
   0.23361878748154638,
   0.24000425343023282,
   0.5265072362789173,
   0.4010223083245185,
   0.32768008157318734,
   0.3825708212576054
  ],
  [
   0.6408069030367988,
   0.549662063091604,
   0.43868501377197544,
   0.2654446029663288,
   0.0,
   0.5145237341127671,
   0.6259132532637843,
   0.5837489489016144,
   0.48284734089871284,
   0.4619315588519966,
   0.5526023670086068,
   0.4661522156835583,
   0.33974899296032396,
   0.37061465213167877,
   0.2090763508367872,
   0.08492807881423199,
   0.2501646054637664,
   0.33305287454024096,
   0.1767479372885067,
   0.17598049173760708,
   0.3161329203394308
  ],
  [
   0.6953968812082989,
   0.49896307595601647,
   0.4349390332386967,
   0.439341638890689,
   0.5145237341127671,
   0.0,
   0.2516655677557524,
   0.35307087012799565,
   0.4154169716170175,
   0.19285805445913906,
   0.36877340482790333,
   0.4238125232923807,
   0.44253791151444855,
   0.3657716085038926,
   0.4207768179231835,
   0.43621179549363015,
   0.4356624287909785,
   0.5119898657823255,
   0.5129884724794502,
   0.5118543589140404,
   0.5021387807322082
  ],
  [
   0.9411154955735002,
   0.7397648058892266,
   0.6298849473757439,
   0.5822065455096003,
   0.6259132532637843,
   0.2516655677557524,
   0.0,
   0.16878377568993902,
   0.3303185602310556,
   0.2822660664536894,
   0.2511989922320615,
   0.3126177100185458,
   0.40366890009565026,
   0.4738977093872343,
   0.4830469660620772,
   0.5672709006351868,
   0.6349189568888889,
   0.6310788959989446,
   0.6348863866939536,
   0.6767554464912205,
   0.7072116579415014
  ],
  [
   1.0,
   0.7869813135798582,
   0.632603558986645,
   0.5430610945977102,
   0.5837489489016144,
   0.35307087012799565,
   0.16878377568993902,
   0.0,
   0.18646744509013563,
   0.3711476159796526,
   0.28199729260461104,
   0.2387190577327663,
   0.2948573551995916,
   0.5241118880515665,
   0.4581387632128834,
   0.5431133628850259,
   0.6467937514006412,
   0.6589365582144564,
   0.628649961818,
   0.6764787701019779,
   0.7378413998205371
  ],
  [
   0.961222444998539,
   0.740940844761137,
   0.5493715252109174,
   0.423865320994881,
   0.48284734089871284,
   0.4154169716170175,
   0.3303185602310556,
   0.18646744509013563,
   0.0,
   0.44394599969245396,
   0.39578118967197357,
   0.27318232894207467,
   0.1923069879888138,
   0.5493934322081432,
   0.4158166317403156,
   0.4595792836517838,
   0.5791233996198847,
   0.6501839881339594,
   0.5754525425511231,
   0.6079094681957439,
   0.6907060266494309
  ],
  [
   0.7263523473319378,
   0.5950121719652263,
   0.5458006448224942,
   0.4935377426547057,
   0.4619315588519966,
   0.19285805445913906,
   0.2822660664536894,
   0.3711476159796526,
   0.44394599969245396,
   0.0,
   0.24001560265995073,
   0.32962588096167506,
   0.397635416115716,
   0.20488735211800763,
   0.3070509779181597,
   0.39244117858372557,
   0.44067588901035415,
   0.36919640120163144,
   0.40890851526827654,
   0.455967049341873,
   0.46925975677929765
  ],
  [
   0.9541031247127969,
   0.8144485153630001,
   0.7203763584235793,
   0.6204820387319293,
   0.5526023670086068,
   0.36877340482790333,
   0.2511989922320615,
   0.28199729260461104,
   0.39578118967197357,
   0.24001560265995073,
   0.0,
   0.1778572845843537,
   0.34853734968163813,
   0.34389951472504393,
   0.35675129405084766,
   0.5104800954083254,
   0.6239811517612939,
   0.48366347373287955,
   0.5159144244471937,
   0.6054768712018254,
   0.6622833208361754
  ],
  [
   0.9711731260803071,
   0.815135124454956,
   0.6789948517532856,
   0.5399779837460471,
   0.4661522156835583,
   0.4238125232923807,
   0.3126177100185458,
   0.2387190577327663,
   0.27318232894207467,
   0.32962588096167506,
   0.1778572845843537,
   0.0,
   0.19223785146080175,
   0.39414949986971803,
   0.29618528267218075,
   0.44438561465984844,
   0.5941909357905677,
   0.49878545177281675,
   0.47761969598344667,
   0.567129076415451,
   0.6566807997592224
  ],
  [
   0.9001648484142403,
   0.7289721300703893,
   0.5594706835725411,
   0.3902293065060419,
   0.33974899296032396,
   0.44253791151444855,
   0.40366890009565026,
   0.2948573551995916,
   0.1923069879888138,
   0.397635416115716,
   0.34853734968163813,
   0.19223785146080175,
   0.0,
   0.4318454357830408,
   0.25380004293224373,
   0.33415703957305565,
   0.4970768787878179,
   0.5005847164672379,
   0.41862929124653897,
   0.4791764454992663,
   0.5874155803804996
  ],
  [
   0.6595390486243411,
   0.6033165906773823,
   0.5815586207271912,
   0.4998059054108306,
   0.37061465213167877,
   0.3657716085038926,
   0.4738977093872343,
   0.5241118880515665,
   0.5493934322081432,
   0.20488735211800763,
   0.34389951472504393,
   0.39414949986971803,
   0.4318454357830408,
   0.0,
   0.22081656673248884,
   0.3158718356524781,
   0.3778435280463623,
   0.16696582957374118,
   0.2506224887194483,
   0.3287907011107565,
   0.3565896082279606
  ],
  [
   0.7297546913685606,
   0.6323855704196977,
   0.5352258578798871,
   0.38409454883359284,
   0.2090763508367872,
   0.4207768179231835,
   0.4830469660620772,
   0.4581387632128834,
   0.4158166317403156,
   0.3070509779181597,
   0.35675129405084766,
   0.29618528267218075,
   0.25380004293224373,
   0.22081656673248884,
   0.0,
   0.18834381452225735,
   0.3518989067991444,
   0.24808116502981936,
   0.18229137219653277,
   0.2811148393645048,
   0.3889468823148312
  ],
  [
   0.59303956607721,
   0.48715992594862095,
   0.3856120259871066,
   0.23361878748154638,
   0.08492807881423199,
   0.43621179549363015,
   0.5672709006351868,
   0.5431133628850259,
   0.4595792836517838,
   0.39244117858372557,
   0.5104800954083254,
   0.44438561465984844,
   0.33415703957305565,
   0.3158718356524781,
   0.18834381452225735,
   0.0,
   0.1909878199961347,
   0.30545676243234215,
   0.1698564089159441,
   0.15141170757998204,
   0.2683460411355949
  ],
  [
   0.40921637226398333,
   0.3097901428810994,
   0.2806276691988325,
   0.24000425343023282,
   0.2501646054637664,
   0.4356624287909785,
   0.6349189568888889,
   0.6467937514006412,
   0.5791233996198847,
   0.44067588901035415,
   0.6239811517612939,
   0.5941909357905677,
   0.4970768787878179,
   0.3778435280463623,
   0.3518989067991444,
   0.1909878199961347,
   0.0,
   0.3675430811441953,
   0.276819965172287,
   0.157112770066123,
   0.14437655963830184
  ],
  [
   0.6269329798159625,
   0.6305892526266031,
   0.6246172577317195,
   0.5265072362789173,
   0.33305287454024096,
   0.5119898657823255,
   0.6310788959989446,
   0.6589365582144564,
   0.6501839881339594,
   0.36919640120163144,
   0.48366347373287955,
   0.49878545177281675,
   0.5005847164672379,
   0.16696582957374118,
   0.24808116502981936,
   0.30545676243234215,
   0.3675430811441953,
   0.0,
   0.16126383357826107,
   0.25866871222675325,
   0.30501037219857
  ],
  [
   0.6092101038085185,
   0.5787079945366783,
   0.531055238598069,
   0.4010223083245185,
   0.1767479372885067,
   0.5129884724794502,
   0.6348863866939536,
   0.628649961818,
   0.5754525425511231,
   0.40890851526827654,
   0.5159144244471937,
   0.47761969598344667,
   0.41862929124653897,
   0.2506224887194483,
   0.18229137219653277,
   0.1698564089159441,
   0.276819965172287,
   0.16126383357826107,
   0.0,
   0.14245232047809633,
   0.26056903457508823
  ],
  [
   0.48782272097892565,
   0.4584230783698814,
   0.42815519884722303,
   0.32768008157318734,
   0.17598049173760708,
   0.5118543589140404,
   0.6767554464912205,
   0.6764787701019779,
   0.6079094681957439,
   0.455967049341873,
   0.6054768712018254,
   0.567129076415451,
   0.4791764454992663,
   0.3287907011107565,
   0.2811148393645048,
   0.15141170757998204,
   0.157112770066123,
   0.25866871222675325,
   0.14245232047809633,
   0.0,
   0.1492361647104945
  ],
  [
   0.3494478379633728,
   0.3610819609535327,
   0.4077990255480202,
   0.3825708212576054,
   0.3161329203394308,
   0.5021387807322082,
   0.7072116579415014,
   0.7378413998205371,
   0.6907060266494309,
   0.46925975677929765,
   0.6622833208361754,
   0.6566807997592224,
   0.5874155803804996,
   0.3565896082279606,
   0.3889468823148312,
   0.2683460411355949,
   0.14437655963830184,
   0.30501037219857,
   0.26056903457508823,
   0.1492361647104945,
   0.0
  ]
 ]
}