{
 "4": [
  [
   0.0,
   0.22729531853676974,
   0.4052460149894645,
   0.5589323353819257,
   0.764755494193359,
   0.534309346107796,
   0.7257068159142175,
   0.8529611928582513,
   1.0,
   0.5586388542090376,
   0.7299045423618455,
   0.8470024282039623,
   0.9835136363273311,
   0.5079815396250232,
   0.6518163579584502,
   0.6251096750429419,
   0.537349434642091,
   0.4831570075702769,
   0.5750402870430004,
   0.5619632430559464,
   0.5042550435888309
  ],
  [
   0.22729531853676974,
   0.0,
   0.18139696737633523,
   0.3394141031721732,
   0.5427336744630197,
   0.3838156997454043,
   0.5754703612252742,
   0.6995761148597115,
   0.8446239580577186,
   0.45823942943229146,
   0.625498003838966,
   0.7385792208109455,
   0.8723334812332811,
   0.46531404816353333,
   0.5745329533291165,
   0.5293758294347946,
   0.43606753493605677,
   0.4863935777007154,
   0.5393605687802768,
   0.5101929284288276,
   0.44996701105890563
  ],
  [
   0.4052460149894645,
   0.18139696737633523,
   0.0,
   0.15972560209329018,
   0.36253801801431096,
   0.28724122840627786,
   0.4564091936558813,
   0.5704711531039246,
   0.708874402019896,
   0.4028738679111704,
   0.547640037499111,
   0.650607879972937,
   0.7770930275465824,
   0.4631465051256895,
   0.5286385051349561,
   0.4768048770501363,
   0.39980852194524363,
   0.5202083436199655,
   0.5363809806089973,
   0.5023077342923987,
   0.4555053290840641
  ],
  [
   0.5589323353819257,
   0.3394141031721732,
   0.15972560209329018,
   0.0,
   0.20758191491060723,
   0.25623739158360603,
   0.36857774943876537,
   0.46421315272364794,
   0.5909140978317711,
   0.39505066228166363,
   0.5039097599989001,
   0.592810884864454,
   0.708943237398716,
   0.4988964308586196,
   0.5228268164558393,
   0.478098641140095,
   0.43385331704597,
   0.5822537391390782,
   0.570788534223734,
   0.5416271337226483,
   0.515605578141755
  ],
  [
   0.764755494193359,
   0.5427336744630197,
   0.36253801801431096,
   0.20758191491060723,
   0.0,
   0.3909480448710234,
   0.40727405949427603,
   0.45305238039171203,
   0.5407278353678614,
   0.5241270084546242,
   0.5804133205673361,
   0.6397316361331438,
   0.7292036756909496,
   0.6530788512989706,
   0.6366973049123594,
   0.5964178787288279,
   0.5770944254214695,
   0.7497737087072437,
   0.7159152184697564,
   0.6876604669585819,
   0.6739151141601619
  ],
  [
   0.534309346107796,
   0.3838156997454043,
   0.28724122840627786,
   0.25623739158360603,
   0.3909480448710234,
   0.0,
   0.19431727013206396,
   0.32273102244725804,
   0.47047170136367505,
   0.14823921727629777,
   0.2894223921052441,
   0.4093598548530802,
   0.5507849126740932,
   0.28097979692273933,
   0.3198006654889482,
   0.3418750223785774,
   0.3658056159527135,
   0.3931896058178001,
   0.3862399751572264,
   0.4041291951575783,
   0.42711054572509183
  ],
  [
   0.7257068159142175,
   0.5754703612252742,
   0.4564091936558813,
   0.36857774943876537,
   0.40727405949427603,
   0.19431727013206396,
   0.0,
   0.1303828162477393,
   0.27808658422806215,
   0.21574729446828936,
   0.21305256285406557,
   0.29948303866253156,
   0.4253416580759798,
   0.36688610688989565,
   0.32457989360456374,
   0.37838013851000046,
   0.45736824489767375,
   0.4907457303496556,
   0.4461595669442686,
   0.47779073343361567,
   0.5307021648553827
  ],
  [
   0.8529611928582513,
   0.6995761148597115,
   0.5704711531039246,
   0.46421315272364794,
   0.45305238039171203,
   0.32273102244725804,
   0.1303828162477393,
   0.0,
   0.14795854600012825,
   0.3248535751643151,
   0.24397866677188454,
   0.27101387903907365,
   0.3614173378446748,
   0.46148808447331985,
   0.3788473207716926,
   0.4347960991585096,
   0.5325561228151545,
   0.5805675430904615,
   0.5165524331927198,
   0.547818939414277,
   0.6105180768240993
  ],
  [
   1.0,
   0.8446239580577186,
   0.708874402019896,
   0.5909140978317711,
   0.5407278353678614,
   0.47047170136367505,
   0.27808658422806215,
   0.14795854600012825,
   0.0,
   0.46382239770086403,
   0.34594850901476043,
   0.31773684463420304,
   0.34847959657042454,
   0.5887525868682205,
   0.48316782579362877,
   0.5390276443638585,
   0.647262085221967,
   0.7022155397106424,
   0.6261009254757671,
   0.6572758162678949,
   0.7264091062628628
  ],
  [
   0.5586388542090376,
   0.45823942943229146,
   0.4028738679111704,
   0.39505066228166363,
   0.5241270084546242,
   0.14823921727629777,
   0.21574729446828936,
   0.3248535751643151,
   0.46382239770086403,
   0.0,
   0.18598116990095168,
   0.3190973162260788,
   0.4685139343113216,
   0.1572104438099663,
   0.19696947714068821,
   0.2700456005474507,
   0.33896336803169286,
   0.2833683825729938,
   0.26992251521065375,
   0.32073066595349653,
   0.3773851095456119
  ],
  [
   0.7299045423618455,
   0.625498003838966,
   0.547640037499111,
   0.5039097599989001,
   0.5804133205673361,
   0.2894223921052441,
   0.21305256285406557,
   0.24397866677188454,
   0.34594850901476043,
   0.18598116990095168,
   0.0,
   0.13588112886665546,
   0.28624067676639764,
   0.25575921555582876,
   0.14522853067043198,
   0.25091146241623574,
   0.38019590284451027,
   0.35968609284714714,
   0.2861766461148107,
   0.34061456082461294,
   0.4277044788481026
  ],
  [
   0.8470024282039623,
   0.7385792208109455,
   0.650607879972937,
   0.592810884864454,
   0.6397316361331438,
   0.4093598548530802,
   0.29948303866253156,
   0.27101387903907365,
   0.31773684463420304,
   0.3190973162260788,
   0.13588112886665546,
   0.0,
   0.15037689301078921,
   0.3663316570737491,
   0.21322303572318096,
   0.2874181012763486,
   0.4298546629300633,
   0.44707690974374453,
   0.34804499871441813,
   0.38784798195299125,
   0.48031863061031727
  ],
  [
   0.9835136363273311,
   0.8723334812332811,
   0.7770930275465824,
   0.708943237398716,
   0.7292036756909496,
   0.5507849126740932,
   0.4253416580759798,
   0.3614173378446748,
   0.34847959657042454,
   0.4685139343113216,
   0.28624067676639764,
   0.15037689301078921,
   0.0,
   0.5044234076429119,
   0.34118483410997,
   0.38596169652357337,
   0.5239473698603677,
   0.5681637658664993,
   0.4575621709496298,
   0.48348457951283624,
   0.5738283535412696
  ],
  [
   0.5079815396250232,
   0.46531404816353333,
   0.4631465051256895,
   0.4988964308586196,
   0.6530788512989706,
   0.28097979692273933,
   0.36688610688989565,
   0.46148808447331985,
   0.5887525868682205,
   0.1572104438099663,
   0.25575921555582876,
   0.3663316570737491,
   0.5044234076429119,
   0.0,
   0.16878127450443983,
   0.24157747021450335,
   0.30204975488402513,
   0.12823764789760334,
   0.1491710806801053,
   0.22652526985030175,
   0.29409040497374955
  ],
  [
   0.6518163579584502,
   0.5745329533291165,
   0.5286385051349561,
   0.5228268164558393,
   0.6366973049123594,
   0.3198006654889482,
   0.32457989360456374,
   0.3788473207716926,
   0.48316782579362877,
   0.19696947714068821,
   0.14522853067043198,
   0.21322303572318096,
   0.34118483410997,
   0.16878127450443983,
   0.0,
   0.14622834250400785,
   0.2787108857029547,
   0.23681247958405818,
   0.14354279788234448,
   0.20281822522924006,
   0.3010535590450277
  ],
  [
   0.6251096750429419,
   0.5293758294347946,
   0.4768048770501363,
   0.478098641140095,
   0.5964178787288279,
   0.3418750223785774,
   0.37838013851000046,
   0.4347960991585096,
   0.5390276443638585,
   0.2700456005474507,
   0.25091146241623574,
   0.2874181012763486,
   0.38596169652357337,
   0.24157747021450335,
   0.14622834250400785,
   0.0,
   0.14849328038195056,
   0.2715728501396763,
   0.16879694406329301,
   0.12802972172037788,
   0.19601210569139424
  ],
  [
   0.537349434642091,
   0.43606753493605677,
   0.39980852194524363,
   0.43385331704597,
   0.5770944254214695,
   0.3658056159527135,
   0.45736824489767375,
   0.5325561228151545,
   0.647262085221967,
   0.33896336803169286,
   0.38019590284451027,
   0.4298546629300633,
   0.5239473698603677,
   0.30204975488402513,
   0.2787108857029547,
   0.14849328038195056,
   0.0,
   0.30241841440244843,
   0.24426915835868376,
   0.1498500046655389,
   0.10701521574940373
  ],
  [
   0.4831570075702769,
   0.4863935777007154,
   0.5202083436199655,
   0.5822537391390782,
   0.7497737087072437,
   0.3931896058178001,
   0.4907457303496556,
   0.5805675430904615,
   0.7022155397106424,
   0.2833683825729938,
   0.35968609284714714,
   0.44707690974374453,
   0.5681637658664993,
   0.12823764789760334,
   0.23681247958405818,
   0.2715728501396763,
   0.30241841440244843,
   0.0,
   0.12345876764921448,
   0.1918841860586634,
   0.24942459769489891
  ],
  [
   0.5750402870430004,
   0.5393605687802768,
   0.5363809806089973,
   0.570788534223734,
   0.7159152184697564,
   0.3862399751572264,
   0.4461595669442686,
   0.5165524331927198,
   0.6261009254757671,
   0.26992251521065375,
   0.2861766461148107,
   0.34804499871441813,
   0.4575621709496298,
   0.1491710806801053,
   0.14354279788234448,
   0.16879694406329301,
   0.24426915835868376,
   0.12345876764921448,
   0.0,
   0.11189760184186746,
   0.21310681561981917
  ],
  [
   0.5619632430559464,
   0.5101929284288276,
   0.5023077342923987,
   0.5416271337226483,
   0.6876604669585819,
   0.4041291951575783,
   0.47779073343361567,
   0.547818939414277,
   0.6572758162678949,
   0.32073066595349653,
   0.34061456082461294,
   0.38784798195299125,
   0.48348457951283624,
   0.22652526985030175,
   0.20281822522924006,
   0.12802972172037788,
   0.1498500046655389,
   0.1918841860586634,
   0.11189760184186746,
   0.0,
   0.11189581303418511
  ],
  [
   0.5042550435888309,
   0.44996701105890563,
   0.4555053290840641,
   0.515605578141755,
   0.6739151141601619,
   0.42711054572509183,
   0.5307021648553827,
   0.6105180768240993,
   0.7264091062628628,
   0.3773851095456119,
   0.4277044788481026,
   0.48031863061031727,
   0.5738283535412696,
   0.29409040497374955,
   0.3010535590450277,
   0.19601210569139424,
   0.10701521574940373,
   0.24942459769489891,
   0.21310681561981917,
   0.11189581303418511,
   0.0
  ]
 ]
}