{
    "3": [
        [
            0.0,
            0.22661046445567679,
            0.40276131754868694,
            0.5537042816577215,
            0.7574185000327955,
            0.5331117861551625,
            0.7223063292822932,
            0.8507457295854198,
            1.0,
            0.5574392951047528,
            0.688976952054872,
            0.7157479862001548,
            0.7302452799788156,
            0.5065032974475703,
            0.6739277160910208,
            0.8124151794079503,
            0.957122026619945,
            0.4816318156854758,
            0.6059334688449314,
            0.7120903713984617,
            0.8170441342208556
        ],
        [
            0.22661046445567679,
            0.0,
            0.18136256875746626,
            0.3379526634585411,
            0.5385102936480965,
            0.3827857942728715,
            0.5758423955641956,
            0.7023769501530657,
            0.8528622634341192,
            0.45687220876417034,
            0.5699154860717778,
            0.5878900387008101,
            0.5969787409528585,
            0.46355834243627203,
            0.6097928258130519,
            0.7394433828884499,
            0.8770956889583912,
            0.4845849076040744,
            0.6010806761545776,
            0.7028984448000491,
            0.8014198680875178
        ],
        [
            0.40276131754868694,
            0.18136256875746626,
            0.0,
            0.15951552831637114,
            0.35952645447079695,
            0.3237332810795983,
            0.4976954113510355,
            0.6161757668241451,
            0.7615159359266279,
            0.44570358535141363,
            0.5419180521477073,
            0.5623270726659505,
            0.5774840513083536,
            0.5098572863928839,
            0.6251242057264198,
            0.7416639183445929,
            0.869242647038225,
            0.5684222417284731,
            0.6687985504682242,
            0.7629046847910105,
            0.8547542865652626
        ],
        [
            0.5537042816577215,
            0.3379526634585411,
            0.15951552831637114,
            0.0,
            0.20547824299175618,
            0.3154449885860308,
            0.44327117662156207,
            0.5459018048387048,
            0.6796630832076518,
            0.4609462085491817,
            0.5397106226162043,
            0.5688947435750278,
            0.5980074892991033,
            0.5663631501066774,
            0.6501109933764373,
            0.7514720384806246,
            0.8672857732943533,
            0.6505887481694417,
            0.7342664193620473,
            0.8198569313487236,
            0.9053371900682012
        ],
        [
            0.7574185000327955,
            0.5385102936480965,
            0.35952645447079695,
            0.20547824299175618,
            0.0,
            0.4165508668183786,
            0.4611427597100293,
            0.5218388466965029,
            0.6246820094430183,
            0.5587089678223535,
            0.5911249742993397,
            0.6124221078709058,
            0.6411126635259274,
            0.690311068984092,
            0.7313900719879255,
            0.8033204604819095,
            0.8938983593567229,
            0.7892581806076052,
            0.8514865791741192,
            0.9212443847786046,
            0.9920017903765144
        ],
        [
            0.5331117861551625,
            0.3827857942728715,
            0.3237332810795983,
            0.3154449885860308,
            0.4165508668183786,
            0.0,
            0.19446406404958835,
            0.32399350325283854,
            0.47459014544238953,
            0.1479011751755438,
            0.26271336789879796,
            0.34499696437903354,
            0.43909257616815955,
            0.28064055956160794,
            0.344071681197846,
            0.4547367763858913,
            0.5844492950668646,
            0.3929302758266316,
            0.4515434183119371,
            0.5317745963133637,
            0.6202707013206059
        ],
        [
            0.7223063292822932,
            0.5758423955641956,
            0.4976954113510355,
            0.44327117662156207,
            0.4611427597100293,
            0.19446406404958835,
            0.0,
            0.130980856163017,
            0.2806969756062625,
            0.20673434409166894,
            0.21678496548142828,
            0.3237688978751753,
            0.45105823426449226,
            0.35721521080970287,
            0.32414332903688753,
            0.3823803079520763,
            0.48239508902378764,
            0.4815457469559151,
            0.49209123735790744,
            0.5405089094617371,
            0.6063129430986333
        ],
        [
            0.8507457295854198,
            0.7023769501530657,
            0.6161757668241451,
            0.5459018048387048,
            0.5218388466965029,
            0.32399350325283854,
            0.130980856163017,
            0.0,
            0.15080442912659195,
            0.3170869871671976,
            0.26323004280748824,
            0.3544826847023491,
            0.48367532504547317,
            0.4517657008051993,
            0.37193232863092257,
            0.38099406811994646,
            0.4430014027968731,
            0.5711707828330188,
            0.5568267111263051,
            0.5822844821991864,
            0.6275538586747216
        ],
        [
            1.0,
            0.8528622634341192,
            0.7615159359266279,
            0.6796630832076518,
            0.6246820094430183,
            0.47459014544238953,
            0.2806969756062625,
            0.15080442912659195,
            0.0,
            0.4568953278515349,
            0.3792193310354691,
            0.4535471101707756,
            0.5767103951032522,
            0.5787237284303793,
            0.4701297422118711,
            0.4373112365783591,
            0.4526274627398695,
            0.6926956446253307,
            0.6585243277191095,
            0.663729424928,
            0.6891273718921281
        ],
        [
            0.5574392951047528,
            0.45687220876417034,
            0.44570358535141363,
            0.4609462085491817,
            0.5587089678223535,
            0.1479011751755438,
            0.20673434409166894,
            0.3170869871671976,
            0.4568953278515349,
            0.0,
            0.1867504672199825,
            0.298857350860086,
            0.41943153725239646,
            0.15727961343863067,
            0.2053979186838702,
            0.33114088229023536,
            0.47332605947826667,
            0.2834665946446015,
            0.31943921918927753,
            0.39614711053988627,
            0.48815577089895135
        ],
        [
            0.688976952054872,
            0.5699154860717778,
            0.5419180521477073,
            0.5397106226162043,
            0.5911249742993397,
            0.26271336789879796,
            0.21678496548142828,
            0.26323004280748824,
            0.3792193310354691,
            0.1867504672199825,
            0.0,
            0.13633769711488575,
            0.2824724307350508,
            0.2509943074207991,
            0.17037100276018832,
            0.21646776543841387,
            0.33003899888453697,
            0.3446195871200022,
            0.32902969414554434,
            0.35884826407230747,
            0.4124367009599955
        ],
        [
            0.7157479862001548,
            0.5878900387008101,
            0.5623270726659505,
            0.5688947435750278,
            0.6124221078709058,
            0.34499696437903354,
            0.3237688978751753,
            0.3544826847023491,
            0.4535471101707756,
            0.298857350860086,
            0.13633769711488575,
            0.0,
            0.1496580745355725,
            0.32900672319947455,
            0.25939197458531926,
            0.26625641042943304,
            0.34188256571176084,
            0.3872955013300211,
            0.37022761154591416,
            0.3830114611519304,
            0.4126234864671611
        ],
        [
            0.7302452799788156,
            0.5969787409528585,
            0.5774840513083536,
            0.5980074892991033,
            0.6411126635259274,
            0.43909257616815955,
            0.45105823426449226,
            0.48367532504547317,
            0.5767103951032522,
            0.41943153725239646,
            0.2824724307350508,
            0.1496580745355725,
            0.0,
            0.428803264815084,
            0.3886198386663657,
            0.3904746458325124,
            0.4411562317447321,
            0.45645344661470894,
            0.45176902008145386,
            0.45993077178976743,
            0.47457941394844666
        ],
        [
            0.5065032974475703,
            0.46355834243627203,
            0.5098572863928839,
            0.5663631501066774,
            0.690311068984092,
            0.28064055956160794,
            0.35721521080970287,
            0.4517657008051993,
            0.5787237284303793,
            0.15727961343863067,
            0.2509943074207991,
            0.32900672319947455,
            0.428803264815084,
            0.0,
            0.17056475547674035,
            0.31501506457939293,
            0.46577094295171023,
            0.12824506428348648,
            0.18015512667785769,
            0.2783748628011349,
            0.38638280376407774
        ],
        [
            0.6739277160910208,
            0.6097928258130519,
            0.6251242057264198,
            0.6501109933764373,
            0.7313900719879255,
            0.344071681197846,
            0.32414332903688753,
            0.37193232863092257,
            0.4701297422118711,
            0.2053979186838702,
            0.17037100276018832,
            0.25939197458531926,
            0.3886198386663657,
            0.17056475547674035,
            0.0,
            0.14670368875980289,
            0.29860487659212137,
            0.2422346230722545,
            0.18847718069821656,
            0.21767833903037082,
            0.2934123365184863
        ],
        [
            0.8124151794079503,
            0.7394433828884499,
            0.7416639183445929,
            0.7514720384806246,
            0.8033204604819095,
            0.4547367763858913,
            0.3823803079520763,
            0.38099406811994646,
            0.4373112365783591,
            0.33114088229023536,
            0.21646776543841387,
            0.26625641042943304,
            0.3904746458325124,
            0.31501506457939293,
            0.14670368875980289,
            0.0,
            0.15196354183757202,
            0.36449319593472995,
            0.2757146605953252,
            0.2388517255769691,
            0.2522885446401397
        ],
        [
            0.957122026619945,
            0.8770956889583912,
            0.869242647038225,
            0.8672857732943533,
            0.8938983593567229,
            0.5844492950668646,
            0.48239508902378764,
            0.4430014027968731,
            0.4526274627398695,
            0.47332605947826667,
            0.33003899888453697,
            0.34188256571176084,
            0.4411562317447321,
            0.46577094295171023,
            0.29860487659212137,
            0.15196354183757202,
            0.0,
            0.5047983103245458,
            0.4046080359319965,
            0.33622466344462215,
            0.2937922416389053
        ],
        [
            0.4816318156854758,
            0.4845849076040744,
            0.5684222417284731,
            0.6505887481694417,
            0.7892581806076052,
            0.3929302758266316,
            0.4815457469559151,
            0.5711707828330188,
            0.6926956446253307,
            0.2834665946446015,
            0.3446195871200022,
            0.3872955013300211,
            0.45645344661470894,
            0.12824506428348648,
            0.2422346230722545,
            0.36449319593472995,
            0.5047983103245458,
            0.0,
            0.12462989759459636,
            0.23363276076809414,
            0.34511212951114517
        ],
        [
            0.6059334688449314,
            0.6010806761545776,
            0.6687985504682242,
            0.7342664193620473,
            0.8514865791741192,
            0.4515434183119371,
            0.49209123735790744,
            0.5568267111263051,
            0.6585243277191095,
            0.31943921918927753,
            0.32902969414554434,
            0.37022761154591416,
            0.45176902008145386,
            0.18015512667785769,
            0.18847718069821656,
            0.2757146605953252,
            0.4046080359319965,
            0.12462989759459636,
            0.0,
            0.11177255610023416,
            0.22734933914173217
        ],
        [
            0.7120903713984617,
            0.7028984448000491,
            0.7629046847910105,
            0.8198569313487236,
            0.9212443847786046,
            0.5317745963133637,
            0.5405089094617371,
            0.5822844821991864,
            0.663729424928,
            0.39614711053988627,
            0.35884826407230747,
            0.3830114611519304,
            0.45993077178976743,
            0.2783748628011349,
            0.21767833903037082,
            0.2388517255769691,
            0.33622466344462215,
            0.23363276076809414,
            0.11177255610023416,
            0.0,
            0.11708453571610886
        ],
        [
            0.8170441342208556,
            0.8014198680875178,
            0.8547542865652626,
            0.9053371900682012,
            0.9920017903765144,
            0.6202707013206059,
            0.6063129430986333,
            0.6275538586747216,
            0.6891273718921281,
            0.48815577089895135,
            0.4124367009599955,
            0.4126234864671611,
            0.47457941394844666,
            0.38638280376407774,
            0.2934123365184863,
            0.2522885446401397,
            0.2937922416389053,
            0.34511212951114517,
            0.22734933914173217,
            0.11708453571610886,
            0.0
        ]
    ],
    "4": [
        [
            0.0,
            0.24848228828570587,
            0.4338191929281311,
            0.5959325384247182,
            0.8262697154078541,
            0.5848731649563376,
            0.7643885924796271,
            0.8663000480772267,
            1.0,
            0.6112534460682889,
            0.6363788074158097,
            0.5406850609063797,
            0.4162859499182731,
            0.5550672187251298,
            0.6847828158451192,
            0.7564721679733137,
            0.85186675067634,
            0.5273756880961172,
            0.6635814253704374,
            0.7827190712900359,
            0.9100956120374536
        ],
        [
            0.24848228828570587,
            0.0,
            0.19885236540518622,
            0.37151060596583574,
            0.6029507465557477,
            0.41957310913512974,
            0.5954272280018378,
            0.6943626313537141,
            0.8299337525652548,
            0.5003683544510591,
            0.4977063415556745,
            0.3940980359297628,
            0.2655800257501961,
            0.5071704674349075,
            0.5989686537820171,
            0.658070849871632,
            0.7443857811159118,
            0.5299620248381671,
            0.6538265919654909,
            0.7680790861619146,
            0.8912504957991362
        ],
        [
            0.4338191929281311,
            0.19885236540518622,
            0.0,
            0.17443447606633244,
            0.40511049671612825,
            0.3008778115118595,
            0.47421515857658386,
            0.5798710835886774,
            0.7235083851818951,
            0.4330118801825073,
            0.4415202024331639,
            0.3741658751613901,
            0.3089247352920091,
            0.506620559083815,
            0.5743460949189761,
            0.6387724744350043,
            0.7292138784852543,
            0.5769139952284802,
            0.6781036707641518,
            0.7826516058850415,
            0.8978243907815343
        ],
        [
            0.5959325384247182,
            0.37151060596583574,
            0.17443447606633244,
            0.0,
            0.23220687456383515,
            0.25280484532418723,
            0.3957955129959657,
            0.5043644771293377,
            0.6514629818405429,
            0.4133605917580875,
            0.44083914646781613,
            0.4237042734053318,
            0.42061893844574444,
            0.5384320662157501,
            0.5830832693317508,
            0.6525984867950634,
            0.7463372858941038,
            0.6406028773372695,
            0.7168932791077454,
            0.8081566785033056,
            0.9120963036666351
        ],
        [
            0.8262697154078541,
            0.6029507465557477,
            0.40511049671612825,
            0.23220687456383515,
            0.0,
            0.3662009008462686,
            0.40851085772515133,
            0.48982455104072786,
            0.6167680715468091,
            0.5116939087494206,
            0.5403167659955713,
            0.5686888662915343,
            0.610701983005663,
            0.6709107518018343,
            0.6784548463027154,
            0.7387749420420704,
            0.8217758019941631,
            0.7932983008897164,
            0.8392813706516068,
            0.9091825308308604,
            0.9933911669509878
        ],
        [
            0.5848731649563376,
            0.41957310913512974,
            0.3008778115118595,
            0.25280484532418723,
            0.3662009008462686,
            0.0,
            0.21278926021528663,
            0.3486074222767676,
            0.511336048957725,
            0.16159860445046736,
            0.24474449746611932,
            0.29652280499698747,
            0.37063241698150456,
            0.3065242011315802,
            0.35363020492036323,
            0.4572209008131031,
            0.585711737897933,
            0.4294486484083767,
            0.4829439599298399,
            0.5675116512074323,
            0.6692166352270054
        ],
        [
            0.7643885924796271,
            0.5954272280018378,
            0.47421515857658386,
            0.3957955129959657,
            0.40851085772515133,
            0.21278926021528663,
            0.0,
            0.1425881831517822,
            0.3069320764818338,
            0.22201032186550781,
            0.20209259828071133,
            0.3227264282407602,
            0.4607672165998989,
            0.36156951214167027,
            0.29823408639044674,
            0.3628108357758113,
            0.4738038210651132,
            0.48305273079222005,
            0.4818825001693232,
            0.5249475434927945,
            0.5938998846384418
        ],
        [
            0.8663000480772267,
            0.6943626313537141,
            0.5798710835886774,
            0.5043644771293377,
            0.48982455104072786,
            0.3486074222767676,
            0.1425881831517822,
            0.0,
            0.16456969653263395,
            0.3405911060399077,
            0.2485684278872053,
            0.36492241695092253,
            0.5176188956490991,
            0.4458183007747997,
            0.3232732653904571,
            0.32811893354744004,
            0.4005347026337546,
            0.5476073113782497,
            0.5225808328229898,
            0.5385958914545638,
            0.5822354214939239
        ],
        [
            1.0,
            0.8299337525652548,
            0.7235083851818951,
            0.6514629818405429,
            0.6167680715468091,
            0.511336048957725,
            0.3069320764818338,
            0.16456969653263395,
            0.0,
            0.491625651276568,
            0.3710202460422392,
            0.47073529991882457,
            0.6245384994458615,
            0.5702437563203829,
            0.41327147524004043,
            0.36077626325621875,
            0.37247266563679227,
            0.6517402881473983,
            0.6048842434924955,
            0.5920885383861204,
            0.6040810581967767
        ],
        [
            0.6112534460682889,
            0.5003683544510591,
            0.4330118801825073,
            0.4133605917580875,
            0.5116939087494206,
            0.16159860445046736,
            0.22201032186550781,
            0.3405911060399077,
            0.491625651276568,
            0.0,
            0.20428436734927138,
            0.30378757589976346,
            0.4107400539666824,
            0.17184128381103866,
            0.23350251899813199,
            0.37299278277501813,
            0.5261812115930411,
            0.30994161802446285,
            0.3377556923987257,
            0.4170308322032954,
            0.5188848645063794
        ],
        [
            0.6363788074158097,
            0.4977063415556745,
            0.4415202024331639,
            0.44083914646781613,
            0.5403167659955713,
            0.24474449746611932,
            0.20209259828071133,
            0.2485684278872053,
            0.3710202460422392,
            0.20428436734927138,
            0.0,
            0.14985171250103632,
            0.30756694879482477,
            0.24529228162377173,
            0.1627325114597447,
            0.21601861240982695,
            0.3429932760908259,
            0.32758475265070947,
            0.34698300385020725,
            0.40798026467185555,
            0.4968362194352298
        ],
        [
            0.5406850609063797,
            0.3940980359297628,
            0.3741658751613901,
            0.4237042734053318,
            0.5686888662915343,
            0.29652280499698747,
            0.3227264282407602,
            0.36492241695092253,
            0.47073529991882457,
            0.30378757589976346,
            0.14985171250103632,
            0.0,
            0.16445490416969363,
            0.30747735189662856,
            0.26809679729707264,
            0.2768888005034347,
            0.36116160295890454,
            0.34699204608662026,
            0.4076111052382568,
            0.48532770397741887,
            0.583750394022837
        ],
        [
            0.4162859499182731,
            0.2655800257501961,
            0.3089247352920091,
            0.42061893844574444,
            0.610701983005663,
            0.37063241698150456,
            0.4607672165998989,
            0.5176188956490991,
            0.6245384994458615,
            0.4107400539666824,
            0.30756694879482477,
            0.16445490416969363,
            0.0,
            0.39686797290803033,
            0.41162644007579485,
            0.42282936172530466,
            0.48538700600413337,
            0.4074218614390858,
            0.5043576191118702,
            0.5985812341916268,
            0.7073261772630006
        ],
        [
            0.5550672187251298,
            0.5071704674349075,
            0.506620559083815,
            0.5384320662157501,
            0.6709107518018343,
            0.3065242011315802,
            0.36156951214167027,
            0.4458183007747997,
            0.5702437563203829,
            0.17184128381103866,
            0.24529228162377173,
            0.30747735189662856,
            0.39686797290803033,
            0.0,
            0.1853840118539088,
            0.3321380864205564,
            0.49133687116336694,
            0.14029612262208263,
            0.18777644147917288,
            0.2937333431328449,
            0.415562967667174
        ],
        [
            0.6847828158451192,
            0.5989686537820171,
            0.5743460949189761,
            0.5830832693317508,
            0.6784548463027154,
            0.35363020492036323,
            0.29823408639044674,
            0.3232732653904571,
            0.41327147524004043,
            0.23350251899813199,
            0.1627325114597447,
            0.26809679729707264,
            0.41162644007579485,
            0.1853840118539088,
            0.0,
            0.15958674038610376,
            0.32405067489061007,
            0.24063164343314608,
            0.20464203732466002,
            0.24682397315457957,
            0.33617056131240675
        ],
        [
            0.7564721679733137,
            0.658070849871632,
            0.6387724744350043,
            0.6525984867950634,
            0.7387749420420704,
            0.4572209008131031,
            0.3628108357758113,
            0.32811893354744004,
            0.36077626325621875,
            0.37299278277501813,
            0.21601861240982695,
            0.2768888005034347,
            0.42282936172530466,
            0.3321380864205564,
            0.15958674038610376,
            0.0,
            0.16460296514515632,
            0.346145228466718,
            0.3054398755673167,
            0.309839440813616,
            0.3612660400521983
        ],
        [
            0.85186675067634,
            0.7443857811159118,
            0.7292138784852543,
            0.7463372858941038,
            0.8217758019941631,
            0.585711737897933,
            0.4738038210651132,
            0.4005347026337546,
            0.37247266563679227,
            0.5261812115930411,
            0.3429932760908259,
            0.36116160295890454,
            0.48538700600413337,
            0.49133687116336694,
            0.32405067489061007,
            0.16460296514515632,
            0.0,
            0.48772047207497615,
            0.4498946059283812,
            0.43594407414056285,
            0.4564077320725711
        ],
        [
            0.5273756880961172,
            0.5299620248381671,
            0.5769139952284802,
            0.6406028773372695,
            0.7932983008897164,
            0.4294486484083767,
            0.48305273079222005,
            0.5476073113782497,
            0.6517402881473983,
            0.30994161802446285,
            0.32758475265070947,
            0.34699204608662026,
            0.4074218614390858,
            0.14029612262208263,
            0.24063164343314608,
            0.346145228466718,
            0.48772047207497615,
            0.0,
            0.13620970940742705,
            0.256257488001749,
            0.38502766201219735
        ],
        [
            0.6635814253704374,
            0.6538265919654909,
            0.6781036707641518,
            0.7168932791077454,
            0.8392813706516068,
            0.4829439599298399,
            0.4818825001693232,
            0.5225808328229898,
            0.6048842434924955,
            0.3377556923987257,
            0.34698300385020725,
            0.4076111052382568,
            0.5043576191118702,
            0.18777644147917288,
            0.20464203732466002,
            0.3054398755673167,
            0.4498946059283812,
            0.13620970940742705,
            0.0,
            0.12181995659082488,
            0.2512319588693782
        ],
        [
            0.7827190712900359,
            0.7680790861619146,
            0.7826516058850415,
            0.8081566785033056,
            0.9091825308308604,
            0.5675116512074323,
            0.5249475434927945,
            0.5385958914545638,
            0.5920885383861204,
            0.4170308322032954,
            0.40798026467185555,
            0.48532770397741887,
            0.5985812341916268,
            0.2937333431328449,
            0.24682397315457957,
            0.309839440813616,
            0.43594407414056285,
            0.256257488001749,
            0.12181995659082488,
            0.0,
            0.12941682339035868
        ],
        [
            0.9100956120374536,
            0.8912504957991362,
            0.8978243907815343,
            0.9120963036666351,
            0.9933911669509878,
            0.6692166352270054,
            0.5938998846384418,
            0.5822354214939239,
            0.6040810581967767,
            0.5188848645063794,
            0.4968362194352298,
            0.583750394022837,
            0.7073261772630006,
            0.415562967667174,
            0.33617056131240675,
            0.3612660400521983,
            0.4564077320725711,
            0.38502766201219735,
            0.2512319588693782,
            0.12941682339035868,
            0.0
        ]
    ],
    "8": [
        [
            0.0,
            0.23299499469059431,
            0.4121745608223541,
            0.5713228637645285,
            0.7690417458104333,
            0.5483932005427863,
            0.7358354714294227,
            0.8537549615009012,
            1.0,
            0.5734518512364715,
            0.6129356725721551,
            0.6376962265847824,
            0.7183963550160007,
            0.521066796327733,
            0.6716901446534177,
            0.7882599151483018,
            0.9146710785428285,
            0.49552993491046565,
            0.6196907614397734,
            0.7343020146684266,
            0.8661841231330202
        ],
        [
            0.23299499469059431,
            0.0,
            0.18661859199223613,
            0.3505940983414524,
            0.5492241589656072,
            0.39362646300565296,
            0.5779284122453306,
            0.6918877680273959,
            0.836585459735979,
            0.46985212005192134,
            0.4743648628934956,
            0.483125075051345,
            0.559123330645776,
            0.4766471544040671,
            0.5874099039135943,
            0.683541376527465,
            0.7930167265797782,
            0.4983759103374968,
            0.6142696047060681,
            0.7214338326940869,
            0.8415604043035164
        ],
        [
            0.4121745608223541,
            0.18661859199223613,
            0.0,
            0.16429458449456552,
            0.36614913635845764,
            0.27377264188743045,
            0.4349446329450906,
            0.5410201028699969,
            0.6814076502739915,
            0.39063371971747707,
            0.3656320227859355,
            0.36985718355632574,
            0.45137302106399063,
            0.45259201722667775,
            0.5148232339374282,
            0.5883930167291286,
            0.6811005939756125,
            0.5132651372810654,
            0.6065145949997093,
            0.6977103127785739,
            0.8003784937249869
        ],
        [
            0.5713228637645285,
            0.3505940983414524,
            0.16429458449456552,
            0.0,
            0.21165526468121995,
            0.23564828132007806,
            0.3327649068257349,
            0.4211555677299629,
            0.5516721675085908,
            0.3737467468588829,
            0.3211304454591927,
            0.32303214697522104,
            0.4040117399166564,
            0.4800542620262395,
            0.4892009447428495,
            0.5335276114158781,
            0.6035655334742408,
            0.5668546772662928,
            0.6333720717806505,
            0.7044760309267898,
            0.7859560026340622
        ],
        [
            0.7690417458104333,
            0.5492241589656072,
            0.36614913635845764,
            0.21165526468121995,
            0.0,
            0.3647774480528638,
            0.3376916258599505,
            0.3565335580925656,
            0.4404526424729947,
            0.47463464994953203,
            0.36608316772368105,
            0.3290836893006474,
            0.359729154568354,
            0.5921094136281002,
            0.5365787699374971,
            0.5226284485247873,
            0.5382333221532638,
            0.6828702144420354,
            0.7232111194833231,
            0.7700060139284737,
            0.823132023619123
        ],
        [
            0.5483932005427863,
            0.39362646300565296,
            0.27377264188743045,
            0.23564828132007806,
            0.3647774480528638,
            0.0,
            0.19971593911795085,
            0.33038903731414365,
            0.48296925884968916,
            0.15208122749145797,
            0.21826941879732567,
            0.32065340246613755,
            0.4669157389105115,
            0.2884325418194352,
            0.31448238579961707,
            0.40511799755930195,
            0.5194735424581894,
            0.4039665659428304,
            0.4470117907424496,
            0.5101871424808584,
            0.5916250499718855
        ],
        [
            0.7358354714294227,
            0.5779284122453306,
            0.4349446329450906,
            0.3327649068257349,
            0.3376916258599505,
            0.19971593911795085,
            0.0,
            0.13405205584174554,
            0.2859435846499866,
            0.21425968890474975,
            0.2103740987521057,
            0.311633993778259,
            0.4477926791887977,
            0.35884554387010736,
            0.27764947895449055,
            0.30383604361332994,
            0.3842882212469975,
            0.4798683752403925,
            0.47494278722517314,
            0.49636901117083804,
            0.535068185375929
        ],
        [
            0.8537549615009012,
            0.6918877680273959,
            0.5410201028699969,
            0.4211555677299629,
            0.3565335580925656,
            0.33038903731414365,
            0.13405205584174554,
            0.0,
            0.15267095859333374,
            0.3265434664806376,
            0.2727163823584259,
            0.33930461358034586,
            0.44624126241395273,
            0.4483341895863301,
            0.3206033061103222,
            0.28200922526666483,
            0.30956699142620225,
            0.5583000065564157,
            0.5334451978987756,
            0.5316198780030059,
            0.5410829800844719
        ],
        [
            1.0,
            0.836585459735979,
            0.6814076502739915,
            0.5516721675085908,
            0.4404526424729947,
            0.48296925884968916,
            0.2859435846499866,
            0.15267095859333374,
            0.0,
            0.46958298354588796,
            0.4003842761689707,
            0.43923166919979645,
            0.5108445855934197,
            0.5758640555669623,
            0.4247828848092511,
            0.3400868912983488,
            0.29971343451323773,
            0.6759014729923997,
            0.6335114853310319,
            0.6094394729934243,
            0.5878437662424676
        ],
        [
            0.5734518512364715,
            0.46985212005192134,
            0.39063371971747707,
            0.3737467468588829,
            0.47463464994953203,
            0.15208122749145797,
            0.21425968890474975,
            0.3265434664806376,
            0.46958298354588796,
            0.0,
            0.1924462510607922,
            0.3296518914726216,
            0.48837614522814676,
            0.16163992751293704,
            0.18810347227851856,
            0.3121742950878266,
            0.45210748128726963,
            0.2914468621157117,
            0.3067369967321782,
            0.3613487795065319,
            0.44383601989575394
        ],
        [
            0.6129356725721551,
            0.4743648628934956,
            0.3656320227859355,
            0.3211304454591927,
            0.36608316772368105,
            0.21826941879732567,
            0.2103740987521057,
            0.2727163823584259,
            0.4003842761689707,
            0.1924462510607922,
            0.0,
            0.14122658539347385,
            0.2991568642532676,
            0.25045585563040046,
            0.18452388407683187,
            0.22304482625154665,
            0.3285838177825499,
            0.33435199798175874,
            0.3595267480659339,
            0.40957331251943957,
            0.47979167646197696
        ],
        [
            0.6376962265847824,
            0.483125075051345,
            0.36985718355632574,
            0.32303214697522104,
            0.3290836893006474,
            0.32065340246613755,
            0.311633993778259,
            0.33930461358034586,
            0.43923166919979645,
            0.3296518914726216,
            0.14122658539347385,
            0.0,
            0.15877673373253728,
            0.3633015493709641,
            0.2979298602422053,
            0.28240968283168233,
            0.33350502178950353,
            0.4134253459643764,
            0.45294046939126104,
            0.5050028486706362,
            0.5712688114456034
        ],
        [
            0.7183963550160007,
            0.559123330645776,
            0.45137302106399063,
            0.4040117399166564,
            0.359729154568354,
            0.4669157389105115,
            0.4477926791887977,
            0.44624126241395273,
            0.5108445855934197,
            0.48837614522814676,
            0.2991568642532676,
            0.15877673373253728,
            0.0,
            0.5099787971483523,
            0.43943395733926627,
            0.38847501416904173,
            0.3834837404268909,
            0.5375600411016116,
            0.5800568139710582,
            0.6275989235690526,
            0.6847457930553936
        ],
        [
            0.521066796327733,
            0.4766471544040671,
            0.45259201722667775,
            0.4800542620262395,
            0.5921094136281002,
            0.2884325418194352,
            0.35884554387010736,
            0.4483341895863301,
            0.5758640555669623,
            0.16163992751293704,
            0.25045585563040046,
            0.3633015493709641,
            0.5099787971483523,
            0.0,
            0.17478590796967455,
            0.32014156355854484,
            0.47257595074267905,
            0.1318852681626958,
            0.1651668444380858,
            0.25406652251654277,
            0.36966024218615684
        ],
        [
            0.6716901446534177,
            0.5874099039135943,
            0.5148232339374282,
            0.4892009447428495,
            0.5365787699374971,
            0.31448238579961707,
            0.27764947895449055,
            0.3206033061103222,
            0.4247828848092511,
            0.18810347227851856,
            0.18452388407683187,
            0.2979298602422053,
            0.43943395733926627,
            0.17478590796967455,
            0.0,
            0.1501068877772608,
            0.30452154335725873,
            0.2549133059332911,
            0.21552352715942968,
            0.2343887474053194,
            0.29805148043903573
        ],
        [
            0.7882599151483018,
            0.683541376527465,
            0.5883930167291286,
            0.5335276114158781,
            0.5226284485247873,
            0.40511799755930195,
            0.30383604361332994,
            0.28200922526666483,
            0.3400868912983488,
            0.3121742950878266,
            0.22304482625154665,
            0.28240968283168233,
            0.38847501416904173,
            0.32014156355854484,
            0.1501068877772608,
            0.0,
            0.1547634576725858,
            0.37698601323000863,
            0.3278004939859735,
            0.3126288876918551,
            0.32541888163763794
        ],
        [
            0.9146710785428285,
            0.7930167265797782,
            0.6811005939756125,
            0.6035655334742408,
            0.5382333221532638,
            0.5194735424581894,
            0.3842882212469975,
            0.30956699142620225,
            0.29971343451323773,
            0.45210748128726963,
            0.3285838177825499,
            0.33350502178950353,
            0.3834837404268909,
