{
 "3": [
  [
   0.0,
   0.22804306665379523,
   0.39218073082882654,
   0.5231554193578072,
   0.5886258412638667,
   0.5369313984581761,
   0.7268243034172892,
   0.8530948079783559,
   1.0,
   0.5611479992585662,
   0.5887245142868605,
   0.5012153052775865,
   0.37290255939605343,
   0.509575570745419,
   0.5701706587791001,
   0.49553278570432047,
   0.36857677962980717,
   0.48446747696068015,
   0.6007752483448925,
   0.7088259511940133,
   0.8270155046645584
  ],
  [
   0.22804306665379523,
   0.0,
   0.18283741581352053,
   0.3364866466512416,
   0.46357436828554444,
   0.3853016907738867,
   0.5801047736253591,
   0.7052176749563059,
   0.8506708833059339,
   0.4595446787087369,
   0.4550987046658396,
   0.3577273123422326,
   0.2201888926964884,
   0.4658037589994889,
   0.47446411052098314,
   0.3846028583602731,
   0.2535027574624355,
   0.4868900425708131,
   0.5770851027554629,
   0.6683160664328317,
   0.7719744008376268
  ],
  [
   0.39218073082882654,
   0.18283741581352053,
   0.0,
   0.16093596359791365,
   0.32759812480065126,
   0.2958113165206689,
   0.4705697443876752,
   0.5826723159039315,
   0.7196609712488482,
   0.38773506388963397,
   0.32579890122195326,
   0.2204582212844275,
   0.11832499107219008,
   0.42570836284737185,
   0.373142424617991,
   0.27306956356437484,
   0.18056389826676125,
   0.46907218863845285,
   0.529784142962906,
   0.6008640417343238,
   0.688746077316905
  ],
  [
   0.5231554193578072,
   0.3364866466512416,
   0.16093596359791365,
   0.0,
   0.20205479449858355,
   0.26576990086790603,
   0.3897370515937031,
   0.4795292744789991,
   0.6035406238940054,
   0.3382394719250521,
   0.2109175620263785,
   0.11906210474162958,
   0.1599428573391422,
   0.3906015982636251,
   0.2805244290578186,
   0.19195965245450283,
   0.20016398471476574,
   0.4459056863723968,
   0.4731805561927726,
   0.5206741587774472,
   0.5908607384228542
  ],
  [
   0.5886258412638667,
   0.46357436828554444,
   0.32759812480065126,
   0.20205479449858355,
   0.0,
   0.32848822081722634,
   0.39668320523916906,
   0.45882179402780277,
   0.5658147089589296,
   0.3078313022715128,
   0.1318535350895602,
   0.11024065550150855,
   0.2488659814356176,
   0.3044884822932142,
   0.14327657174504224,
   0.09448136951639487,
   0.234118901595275,
   0.33494206289481804,
   0.33432031333841766,
   0.36731950436980854,
   0.4352429470197816
  ],
  [
   0.5369313984581761,
   0.3853016907738867,
   0.2958113165206689,
   0.26576990086790603,
   0.32848822081722634,
   0.0,
   0.19579436306407252,
   0.3243631533356459,
   0.47261353197627287,
   0.14872671451467584,
   0.21488745131699769,
   0.2622112308591564,
   0.30744890958262616,
   0.28210469308291947,
   0.27410355331632913,
   0.3105523591800856,
   0.341985831060341,
   0.3950466217450909,
   0.39641736745911915,
   0.43240257949401406,
   0.49265408722876713
  ],
  [
   0.7268243034172892,
   0.5801047736253591,
   0.4705697443876752,
   0.3897370515937031,
   0.39668320523916906,
   0.19579436306407252,
   0.0,
   0.13139686331040765,
   0.28015932110661995,
   0.20672928188112355,
   0.2690775322187072,
   0.3799305411542814,
   0.4744223614449518,
   0.35815618908017627,
   0.33053565001614377,
   0.42050603171641376,
   0.5011986840305467,
   0.48342061545231607,
   0.43135183066103316,
   0.4153500049842738,
   0.4242600208043257
  ],
  [
   0.8530948079783559,
   0.7052176749563059,
   0.5826723159039315,
   0.4795292744789991,
   0.45882179402780277,
   0.3243631533356459,
   0.13139686331040765,
   0.0,
   0.1489718668245561,
   0.3131400674584917,
   0.3442877619950282,
   0.4680922388908078,
   0.581542272557755,
   0.44664029323739246,
   0.400802010669225,
   0.5033972145385289,
   0.6042369673527737,
   0.5660165339698007,
   0.49049745982117426,
   0.444765158823428,
   0.4162957594580928
  ],
  [
   1.0,
   0.8506708833059339,
   0.7196609712488482,
   0.6035406238940054,
   0.5658147089589296,
   0.47261353197627287,
   0.28015932110661995,
   0.1489718668245561,
   0.0,
   0.45306770434814864,
   0.46660740453307414,
   0.5928510247195992,
   0.7165106819237043,
   0.5724661048295551,
   0.5171440108467235,
   0.6239901093257093,
   0.7365712221437697,
   0.6846050806791146,
   0.5935874803300336,
   0.5258416494912505,
   0.464293000571433
  ],
  [
   0.5611479992585662,
   0.4595446787087369,
   0.38773506388963397,
   0.3382394719250521,
   0.3078313022715128,
   0.14872671451467584,
   0.20672928188112355,
   0.3131400674584917,
   0.45306770434814864,
   0.0,
   0.18817140680934144,
   0.27889339449810807,
   0.35353738894209513,
   0.15814709794132764,
   0.1951364809128179,
   0.29277137256930535,
   0.3629357140580166,
   0.2850129499531446,
   0.26012405676659395,
   0.2901258217245951,
   0.35638540989703443
  ],
  [
   0.5887245142868605,
   0.4550987046658396,
   0.32579890122195326,
   0.2109175620263785,
   0.1318535350895602,
   0.21488745131699769,
   0.2690775322187072,
   0.3442877619950282,
   0.46660740453307414,
   0.18817140680934144,
   0.0,
   0.13803088269678884,
   0.2733024499194559,
   0.237829784470562,
   0.10128137985760133,
   0.159215786215579,
   0.27753884131602985,
   0.31703528144081433,
   0.2967304205184819,
   0.3201201259005003,
   0.38108840942408234
  ],
  [
   0.5012153052775865,
   0.3577273123422326,
   0.2204582212844275,
   0.11906210474162958,
   0.11024065550150855,
   0.2622112308591564,
   0.3799305411542814,
   0.4680922388908078,
   0.5928510247195992,
   0.27889339449810807,
   0.13803088269678884,
   0.0,
   0.1490900304110145,
   0.29325227487055683,
   0.17433147663352022,
   0.07669595167166729,
   0.1532772962061343,
   0.33549252597172624,
   0.36236833589895096,
   0.41566527375860424,
   0.49589603031486146
  ],
  [
   0.37290255939605343,
   0.2201888926964884,
   0.11832499107219008,
   0.1599428573391422,
   0.2488659814356176,
   0.30744890958262616,
   0.4744223614449518,
   0.581542272557755,
   0.7165106819237043,
   0.35353738894209513,
   0.2733024499194559,
   0.1490900304110145,
   0.0,
   0.3522016517483094,
   0.29368157915521703,
   0.17498819010391653,
   0.06328161734723724,
   0.37332185849193666,
   0.441019126175264,
   0.5187329634493603,
   0.6148690828788744
  ],
  [
   0.509575570745419,
   0.4658037589994889,
   0.42570836284737185,
   0.3906015982636251,
   0.3044884822932142,
   0.28210469308291947,
   0.35815618908017627,
   0.44664029323739246,
   0.5724661048295551,
   0.15814709794132764,
   0.237829784470562,
   0.29325227487055683,
   0.3522016517483094,
   0.0,
   0.17107111417172374,
   0.2661431543646171,
   0.33461188857108337,
   0.12887851923615584,
   0.1304777754875634,
   0.21257090672104278,
   0.3214177224296482
  ],
  [
   0.5701706587791001,
   0.47446411052098314,
   0.373142424617991,
   0.2805244290578186,
   0.14327657174504224,
   0.27410355331632913,
   0.33053565001614377,
   0.400802010669225,
   0.5171440108467235,
   0.1951364809128179,
   0.10128137985760133,
   0.17433147663352022,
   0.29368157915521703,
   0.17107111417172374,
   0.0,
   0.147293156934019,
   0.27703892964383137,
   0.22725712640647872,
   0.20463960888826538,
   0.24200450836986404,
   0.3242381312445127
  ],
  [
   0.49553278570432047,
   0.3846028583602731,
   0.27306956356437484,
   0.19195965245450283,
   0.09448136951639487,
   0.3105523591800856,
   0.42050603171641376,
   0.5033972145385289,
   0.6239901093257093,
   0.29277137256930535,
   0.159215786215579,
   0.07669595167166729,
   0.17498819010391653,
   0.2661431543646171,
   0.147293156934019,
   0.0,
   0.1492060481927238,
   0.2827700388964787,
   0.3157159260668132,
   0.37624296087897185,
   0.4652011452887735
  ],
  [
   0.36857677962980717,
   0.2535027574624355,
   0.18056389826676125,
   0.20016398471476574,
   0.234118901595275,
   0.341985831060341,
   0.5011986840305467,
   0.6042369673527737,
   0.7365712221437697,
   0.3629357140580166,
   0.27753884131602985,
   0.1532772962061343,
   0.06328161734723724,
   0.33461188857108337,
   0.27703892964383137,
   0.1492060481927238,
   0.0,
   0.3357459338181334,
   0.41036368658976036,
   0.4929255266861729,
   0.5941938209194977
  ],
  [
   0.48446747696068015,
   0.4868900425708131,
   0.46907218863845285,
   0.4459056863723968,
   0.33494206289481804,
   0.3950466217450909,
   0.48342061545231607,
   0.5660165339698007,
   0.6846050806791146,
   0.2850129499531446,
   0.31703528144081433,
   0.33549252597172624,
   0.37332185849193666,
   0.12887851923615584,
   0.22725712640647872,
   0.2827700388964787,
   0.3357459338181334,
   0.0,
   0.12530371599133905,
   0.23772078734015387,
   0.36147869018949347
  ],
  [
   0.6007752483448925,
   0.5770851027554629,
   0.529784142962906,
   0.4731805561927726,
   0.33432031333841766,
   0.39641736745911915,
   0.43135183066103316,
   0.49049745982117426,
   0.5935874803300336,
   0.26012405676659395,
   0.2967304205184819,
   0.36236833589895096,
   0.441019126175264,
   0.1304777754875634,
   0.20463960888826538,
   0.3157159260668132,
   0.41036368658976036,
   0.12530371599133905,
   0.0,
   0.11258742477407412,
   0.23627402828475935
  ],
  [
   0.7088259511940133,
   0.6683160664328317,
   0.6008640417343238,
   0.5206741587774472,
   0.36731950436980854,
   0.43240257949401406,
   0.4153500049842738,
   0.444765158823428,
   0.5258416494912505,
   0.2901258217245951,
   0.3201201259005003,
   0.41566527375860424,
   0.5187329634493603,
   0.21257090672104278,
   0.24200450836986404,
   0.37624296087897185,
   0.4929255266861729,
   0.23772078734015387,
   0.11258742477407412,
   0.0,
   0.12387272304077243
  ],
  [
   0.8270155046645584,
   0.7719744008376268,
   0.688746077316905,
   0.5908607384228542,
   0.4352429470197816,
   0.49265408722876713,
   0.4242600208043257,
   0.4162957594580928,
   0.464293000571433,
   0.35638540989703443,
   0.38108840942408234,
   0.49589603031486146,
   0.6148690828788744,
   0.3214177224296482,
   0.3242381312445127,
   0.4652011452887735,
   0.5941938209194977,
   0.36147869018949347,
   0.23627402828475935,
   0.12387272304077243,
   0.0
  ]
 ]
}