{
 "2": [
  [
   0.0,
   0.22678540166720182,
   0.37830245754548925,
   0.50022004514442,
   0.6701013510597058,
   0.533902451495675,
   0.7243464854285925,
   0.8531123233990797,
   1.0,
   0.5581396272482929,
   0.6817305202563552,
   0.7810570983359761,
   0.9178469344711145,
   0.5072271578524179,
   0.5329181473290784,
   0.4528708670219322,
   0.3452203823752331,
   0.48247463400445895,
   0.5034755450085893,
   0.45143603297759133,
   0.3638471954179034
  ],
  [
   0.22678540166720182,
   0.0,
   0.18153178978787243,
   0.3339339610132463,
   0.5355411497905933,
   0.3834274296491295,
   0.5761195427436683,
   0.7054969772155114,
   0.8544066754964325,
   0.4574640804524609,
   0.5566939874636663,
   0.6483081647761588,
   0.781488211255671,
   0.46416299175981496,
   0.441815483383304,
   0.34589548049103497,
   0.23156540812945328,
   0.48530341596855825,
   0.4622389218459869,
   0.39279295005625464,
   0.2944454202359271
  ],
  [
   0.37830245754548925,
   0.18153178978787243,
   0.0,
   0.1595398145868623,
   0.3682176569760709,
   0.24788938938591457,
   0.42969410111015915,
   0.5535228253967183,
   0.7010267515550559,
   0.3351950048349796,
   0.39604833738343437,
   0.47824246759471917,
   0.608612565318344,
   0.37510972263259634,
   0.3104251355758784,
   0.22576960313701053,
   0.1770219810127418,
   0.42478025973895384,
   0.3688209767338701,
   0.30312360107443137,
   0.23863067658048595
  ],
  [
   0.50022004514442,
   0.3339339610132463,
   0.1595398145868623,
   0.0,
   0.21019350464075912,
   0.16811597736830758,
   0.3116664200898499,
   0.4246872710842848,
   0.5684000569722184,
   0.22942691658725822,
   0.24051877283970266,
   0.32098330682448595,
   0.45669736182072845,
   0.29496790536280937,
   0.197830197322229,
   0.1770536687945848,
   0.2425222673809266,
   0.36920115008431126,
   0.29316507334263797,
   0.2574086860504025,
   0.2621697915186499
  ],
  [
   0.6701013510597058,
   0.5355411497905933,
   0.3682176569760709,
   0.21019350464075912,
   0.0,
   0.2615963126471631,
   0.2714665295048594,
   0.33283784687581625,
   0.45105108289551726,
   0.223672414236439,
   0.06477056947592183,
   0.11792568885028358,
   0.26879818014540785,
   0.2833576856172585,
   0.1717173897367614,
   0.2646887388915475,
   0.39874157037635494,
   0.364115663669738,
   0.2781368949492994,
   0.30090434820443557,
   0.3788081116789363
  ],
  [
   0.533902451495675,
   0.3834274296491295,
   0.24788938938591457,
   0.16811597736830758,
   0.2615963126471631,
   0.0,
   0.1942329391574514,
   0.32420123636209414,
   0.4730859069899099,
   0.14790132046424898,
   0.25013642628880106,
   0.37049971451946423,
   0.5184652274710373,
   0.2805685968771909,
   0.27616955708276497,
   0.3168656616511179,
   0.37421095176423075,
   0.3928387524029371,
   0.36258729334256223,
   0.36971573819509856,
   0.38874672319634795
  ],
  [
   0.7243464854285925,
   0.5761195427436683,
   0.42969410111015915,
   0.3116664200898499,
   0.2714665295048594,
   0.1942329391574514,
   0.0,
   0.1306794377595692,
   0.2791497255110791,
   0.21774930735806722,
   0.2348625154509735,
   0.33186030624415186,
   0.4586642329773882,
   0.3709205477949971,
   0.37139190742075173,
   0.45644849940270416,
   0.5463090047576338,
   0.4962994457152854,
   0.46657043497631207,
   0.5012187195161263,
   0.5505551102203623
  ],
  [
   0.8531123233990797,
   0.7054969772155114,
   0.5535228253967183,
   0.4246872710842848,
   0.33283784687581625,
   0.32420123636209414,
   0.1306794377595692,
   0.0,
   0.14906580789863125,
   0.3236615470277104,
   0.29171192026813275,
   0.3502656394839084,
   0.4445528285267767,
   0.4633675411553889,
   0.46134249364637253,
   0.5598990431421503,
   0.6625569440589107,
   0.5857794311205702,
   0.5550584958680177,
   0.59985682695926,
   0.6617989338650192
  ],
  [
   1.0,
   0.8544066754964325,
   0.7010267515550559,
   0.5684000569722184,
   0.45105108289551726,
   0.4730859069899099,
   0.2791497255110791,
   0.14906580789863125,
   0.0,
   0.46079357268838944,
   0.4094564627117897,
   0.4361766460685135,
   0.49117857819229654,
   0.5884446770474361,
   0.5896326077604466,
   0.6962427319941602,
   0.8060774786075585,
   0.7064502244968984,
   0.6786489581834728,
   0.7314070024364876,
   0.8017478766836725
  ],
  [
   0.5581396272482929,
   0.4574640804524609,
   0.3351950048349796,
   0.22942691658725822,
   0.223672414236439,
   0.14790132046424898,
   0.21774930735806722,
   0.3236615470277104,
   0.46079357268838944,
   0.0,
   0.18665601274502916,
   0.32348582660705305,
   0.4770213042742848,
   0.15714193976501145,
   0.20771782237018035,
   0.30852821070374775,
   0.40348751350513545,
   0.2832378599347802,
   0.27392156110176125,
   0.3241124418469125,
   0.3854439386505378
  ],
  [
   0.6817305202563552,
   0.5566939874636663,
   0.39604833738343437,
   0.24051877283970266,
   0.06477056947592183,
   0.25013642628880106,
   0.2348625154509735,
   0.29171192026813275,
   0.4094564627117897,
   0.18665601274502916,
   0.0,
   0.13720909664001418,
   0.2905259659153939,
   0.25757226365640035,
   0.18705180300810356,
   0.3027453845460695,
   0.43587505611335914,
   0.3514561081827756,
   0.28474776969402316,
   0.3277734036200557,
   0.41228144233236613
  ],
  [
   0.7810570983359761,
   0.6483081647761588,
   0.47824246759471917,
   0.32098330682448595,
   0.11792568885028358,
   0.37049971451946423,
   0.33186030624415186,
   0.3502656394839084,
   0.4361766460685135,
   0.32348582660705305,
   0.13720909664001418,
   0.0,
   0.1544264603947523,
   0.37115880998258316,
   0.2620985230882695,
   0.35520049177367174,
   0.4949389640494726,
   0.43930560792851886,
   0.3507499370653707,
   0.3809768991928206,
   0.46929783792323465
  ],
  [
   0.9178469344711145,
   0.781488211255671,
   0.608612565318344,
   0.45669736182072845,
   0.26879818014540785,
   0.5184652274710373,
   0.4586642329773882,
   0.4445528285267767,
   0.49117857819229654,
   0.4770213042742848,
   0.2905259659153939,
   0.1544264603947523,
   0.0,
   0.5153090166199831,
   0.3986570202374233,
   0.47417510323890527,
   0.6106710731987375,
   0.5678741963476115,
   0.47342343667003983,
   0.496866004079706,
   0.584253162684266
  ],
  [
   0.5072271578524179,
   0.46416299175981496,
   0.37510972263259634,
   0.29496790536280937,
   0.2833576856172585,
   0.2805685968771909,
   0.3709205477949971,
   0.4633675411553889,
   0.5884446770474361,
   0.15714193976501145,
   0.25757226365640035,
   0.37115880998258316,
   0.5153090166199831,
   0.0,
   0.169847572032854,
   0.2769954088351494,
   0.3754539697710702,
   0.12813803285111167,
   0.16089530079039208,
   0.2437752177770385,
   0.32772811836273247
  ],
  [
   0.5329181473290784,
   0.441815483383304,
   0.3104251355758784,
   0.197830197322229,
   0.1717173897367614,
   0.27616955708276497,
   0.37139190742075173,
   0.46134249364637253,
   0.5896326077604466,
   0.20771782237018035,
   0.18705180300810356,
   0.2620985230882695,
   0.3986570202374233,
   0.169847572032854,
   0.0,
   0.14649274549086966,
   0.28624691685638276,
   0.21187555403423086,
   0.11416767575926615,
   0.14324720132243685,
   0.24090915262279422
  ],
  [
   0.4528708670219322,
   0.34589548049103497,
   0.22576960313701053,
   0.1770536687945848,
   0.2646887388915475,
   0.3168656616511179,
   0.45644849940270416,
   0.5598990431421503,
   0.6962427319941602,
   0.30852821070374775,
   0.3027453845460695,
   0.35520049177367174,
   0.47417510323890527,
   0.2769954088351494,
   0.14649274549086966,
   0.0,
   0.1491064821242903,
   0.2851385838892166,
   0.1840449621624681,
   0.09713886425883304,
   0.11573357525812675
  ],
  [
   0.3452203823752331,
   0.23156540812945328,
   0.1770219810127418,
   0.2425222673809266,
   0.39874157037635494,
   0.37421095176423075,
   0.5463090047576338,
   0.6625569440589107,
   0.8060774786075585,
   0.40348751350513545,
   0.43587505611335914,
   0.4949389640494726,
   0.6106710731987375,
   0.3754539697710702,
   0.28624691685638276,
   0.1491064821242903,
   0.0,
   0.37060921450500744,
   0.3004744967468907,
   0.19947612836988832,
   0.08600352234151702
  ],
  [
   0.48247463400445895,
   0.48530341596855825,
   0.42478025973895384,
   0.36920115008431126,
   0.364115663669738,
   0.3928387524029371,
   0.4962994457152854,
   0.5857794311205702,
   0.7064502244968984,
   0.2832378599347802,
   0.3514561081827756,
   0.43930560792851886,
   0.5678741963476115,
   0.12813803285111167,
   0.21187555403423086,
   0.2851385838892166,
   0.37060921450500744,
   0.0,
   0.12415747678333071,
   0.2124848241919761,
   0.3020540024033758
  ],
  [
   0.5034755450085893,
   0.4622389218459869,
   0.3688209767338701,
   0.29316507334263797,
   0.2781368949492994,
   0.36258729334256223,
   0.46657043497631207,
   0.5550584958680177,
   0.6786489581834728,
   0.27392156110176125,
   0.28474776969402316,
   0.3507499370653707,
   0.47342343667003983,
   0.16089530079039208,
   0.11416767575926615,
   0.1840449621624681,
   0.3004744967468907,
   0.12415747678333071,
   0.0,
   0.1122648628173605,
   0.2297947561828228
  ],
  [
   0.45143603297759133,
   0.39279295005625464,
   0.30312360107443137,
   0.2574086860504025,
   0.30090434820443557,
   0.36971573819509856,
   0.5012187195161263,
   0.59985682695926,
   0.7314070024364876,
   0.3241124418469125,
   0.3277734036200557,
   0.3809768991928206,
   0.496866004079706,
   0.2437752177770385,
   0.14324720132243685,
   0.09713886425883304,
   0.19947612836988832,
   0.2124848241919761,
   0.1122648628173605,
   0.0,
   0.12528955751510745
  ],
  [
   0.3638471954179034,
   0.2944454202359271,
   0.23863067658048595,
   0.2621697915186499,
   0.3788081116789363,
   0.38874672319634795,
   0.5505551102203623,
   0.6617989338650192,
   0.8017478766836725,
   0.3854439386505378,
   0.41228144233236613,
   0.46929783792323465,
   0.584253162684266,
   0.32772811836273247,
   0.24090915262279422,
   0.11573357525812675,
   0.08600352234151702,
   0.3020540024033758,
   0.2297947561828228,
   0.12528955751510745,
   0.0
  ]
 ]
}