{
 "0": [
  [
   0.0,
   0.3226150119975185,
   0.552219044060911,
   0.7299606900899596,
   0.9176543879554289,
   0.7590385025320155,
   0.9895820121829207,
   0.9810535794599002,
   0.8793719752322762,
   0.7935622790714778,
   1.0,
   0.9700229593126091,
   0.8570826025746516,
   0.7212900828509532,
   0.9179907891392743,
   0.8850709842729304,
   0.7578455250029453,
   0.6858521767835868,
   0.8177790849236397,
   0.8025489517574784,
   0.7012769978109176
  ],
  [
   0.3226150119975185,
   0.0,
   0.25443221120659054,
   0.46725407591720547,
   0.7137764544233952,
   0.5447200803020557,
   0.7688176089087341,
   0.7483293675168863,
   0.6339337524773688,
   0.6500808303658118,
   0.8342726620987034,
   0.7894766658488622,
   0.6624974644870203,
   0.6597112691843673,
   0.8074850932217764,
   0.7510017456571834,
   0.6146946512414011,
   0.6895766185040869,
   0.7698841977543703,
   0.7270199286644035,
   0.6192346699387031
  ],
  [
   0.552219044060911,
   0.25443221120659054,
   0.0,
   0.22476384677225966,
   0.4991989049247623,
   0.4007021153269252,
   0.5685738053534654,
   0.5207521823114378,
   0.39417540089314707,
   0.5344645956237004,
   0.660320832727586,
   0.5925727695171714,
   0.45814991766897006,
   0.5934213187456119,
   0.6714553303771311,
   0.5900844501620247,
   0.4612650023209377,
   0.6590598583502867,
   0.6820996355050563,
   0.6163823353174172,
   0.5194291175708651
  ],
  [
   0.7299606900899596,
   0.46725407591720547,
   0.22476384677225966,
   0.0,
   0.2865847711229988,
   0.34375537765185127,
   0.4006821304880318,
   0.3096070527984315,
   0.17068617271505615,
   0.4490862871790498,
   0.4893497748782304,
   0.39272654369025845,
   0.2607986801927306,
   0.5295156127555338,
   0.5264404797329411,
   0.42325168787522127,
   0.3281243730496224,
   0.6136873526950597,
   0.5791520262171651,
   0.49901703377209966,
   0.4331618441967438
  ],
  [
   0.9176543879554289,
   0.7137764544233952,
   0.4991989049247623,
   0.2865847711229988,
   0.0,
   0.4468250557888271,
   0.3345642706497493,
   0.18292760055280455,
   0.15564917012197163,
   0.43609101737561734,
   0.32194955469315234,
   0.14966472203323952,
   0.08024940469574195,
   0.48211364891903963,
   0.3529888979125078,
   0.21098973706665688,
   0.2372307896869503,
   0.5556647475914649,
   0.4431698942809156,
   0.35308441798074275,
   0.36234654541536143
  ],
  [
   0.7590385025320155,
   0.5447200803020557,
   0.4007021153269252,
   0.34375537765185127,
   0.4468250557888271,
   0.0,
   0.2714510304026482,
   0.36124042978574555,
   0.41503884341007863,
   0.21019556722573093,
   0.3808271232985476,
   0.4337597566994365,
   0.4602520435292841,
   0.3986246028750265,
   0.45763945812865237,
   0.49769603071857227,
   0.5222646552243204,
   0.5581646077848487,
   0.5606358873685018,
   0.5739663393046412,
   0.5801266765746176
  ],
  [
   0.9895820121829207,
   0.7688176089087341,
   0.5685738053534654,
   0.4006821304880318,
   0.3345642706497493,
   0.2714510304026482,
   0.0,
   0.1786275748531979,
   0.3504999759709854,
   0.28934583057304764,
   0.2113156686670083,
   0.2754380255131766,
   0.3925281682826582,
   0.4726591277469269,
   0.38130608063006555,
   0.41818538891208284,
   0.5151863601022346,
   0.6306129958604909,
   0.5552650757026362,
   0.5565893331933076,
   0.6049637145320103
  ],
  [
   0.9810535794599002,
   0.7483293675168863,
   0.5207521823114378,
   0.3096070527984315,
   0.18292760055280455,
   0.36124042978574555,
   0.1786275748531979,
   0.0,
   0.19748905508348125,
   0.38824395381126753,
   0.2655294504863508,
   0.18951180647104462,
   0.25065347814356675,
   0.5150519005853313,
   0.3910267292094304,
   0.3378104776192116,
   0.4017609342184233,
   0.6372943088251708,
   0.5383640930724187,
   0.4909598354548999,
   0.5172841836921995
  ],
  [
   0.8793719752322762,
   0.6339337524773688,
   0.39417540089314707,
   0.17068617271505615,
   0.15564917012197163,
   0.41503884341007863,
   0.3504999759709854,
   0.19748905508348125,
   0.0,
   0.47675823725669875,
   0.42004449203251626,
   0.28400214117931516,
   0.16295897736998033,
   0.5579641949981566,
   0.47771084340557074,
   0.35053282997681834,
   0.30211924415194846,
   0.6424952470107883,
   0.560974892558792,
   0.4685812632853866,
   0.4347990283040521
  ],
  [
   0.7935622790714778,
   0.6500808303658118,
   0.5344645956237004,
   0.4490862871790498,
   0.43609101737561734,
   0.21019556722573093,
   0.28934583057304764,
   0.38824395381126753,
   0.47675823725669875,
   0.0,
   0.2628646830490015,
   0.36568354944899834,
   0.4512062935359788,
   0.22323444540576937,
   0.28801689049874607,
   0.3972137081042837,
   0.48489455799308673,
   0.4025590787359722,
   0.3966227781124009,
   0.4554072790891722,
   0.5103884984519745
  ],
  [
   1.0,
   0.8342726620987034,
   0.660320832727586,
   0.4893497748782304,
   0.32194955469315234,
   0.3808271232985476,
   0.2113156686670083,
   0.2655294504863508,
   0.42004449203251626,
   0.2628646830490015,
   0.0,
   0.18695611013636562,
   0.3737829592476685,
   0.360354141972583,
   0.19414900978533853,
   0.2926509007097495,
   0.45867732225155966,
   0.49878350147807693,
   0.39218139992026363,
   0.42210220320926717,
   0.5176946841010133
  ],
  [
   0.9700229593126091,
   0.7894766658488622,
   0.5925727695171714,
   0.39272654369025845,
   0.14966472203323952,
   0.4337597566994365,
   0.2754380255131766,
   0.18951180647104462,
   0.28400214117931516,
   0.36568354944899834,
   0.18695611013636562,
   0.0,
   0.20682079905696726,
   0.4153015317359242,
   0.23569295407330876,
   0.17137651141959806,
   0.3148951668715068,
   0.508637162806671,
   0.3782675115070235,
   0.33562159240295064,
   0.40439886455762303
  ],
  [
   0.8570826025746516,
   0.6624974644870203,
   0.45814991766897006,
   0.2607986801927306,
   0.08024940469574195,
   0.4602520435292841,
   0.3925281682826582,
   0.25065347814356675,
   0.16295897736998033,
   0.4512062935359788,
   0.3737829592476685,
   0.20682079905696726,
   0.0,
   0.47027846773001264,
   0.37002644937313967,
   0.20366404032784335,
   0.16363912044561163,
   0.5238102494774299,
   0.4228713839761095,
   0.3146262582882461,
   0.29605221606182974
  ],
  [
   0.7212900828509532,
   0.6597112691843673,
   0.5934213187456119,
   0.5295156127555338,
   0.48211364891903963,
   0.3986246028750265,
   0.4726591277469269,
   0.5150519005853313,
   0.5579641949981566,
   0.22323444540576937,
   0.360354141972583,
   0.4153015317359242,
   0.47027846773001264,
   0.0,
   0.2406914837953088,
   0.350270087664555,
   0.430644030165525,
   0.18227193582659307,
   0.2226951375061232,
   0.3231534862311627,
   0.39463692619152774
  ],
  [
   0.9179907891392743,
   0.8074850932217764,
   0.6714553303771311,
   0.5264404797329411,
   0.3529888979125078,
   0.45763945812865237,
   0.38130608063006555,
   0.3910267292094304,
   0.47771084340557074,
   0.28801689049874607,
   0.19414900978533853,
   0.23569295407330876,
   0.37002644937313967,
   0.2406914837953088,
   0.0,
   0.20121650796684748,
   0.3823438288657437,
   0.3296718917528343,
   0.2025231318573412,
   0.2660605404072506,
   0.3923978697348764
  ],
  [
   0.8850709842729304,
   0.7510017456571834,
   0.5900844501620247,
   0.42325168787522127,
   0.21098973706665688,
   0.49769603071857227,
   0.41818538891208284,
   0.3378104776192116,
   0.35053282997681834,
   0.3972137081042837,
   0.2926509007097495,
   0.17137651141959806,
   0.20366404032784335,
   0.350270087664555,
   0.20121650796684748,
   0.0,
   0.20645899918107138,
   0.38503931743212755,
   0.24373437270175122,
   0.16662267784621104,
   0.25440559062679396
  ],
  [
   0.7578455250029453,
   0.6146946512414011,
   0.4612650023209377,
   0.3281243730496224,
   0.2372307896869503,
   0.5222646552243204,
   0.5151863601022346,
   0.4017609342184233,
   0.30211924415194846,
   0.48489455799308673,
   0.45867732225155966,
   0.3148951668715068,
   0.16363912044561163,
   0.430644030165525,
   0.3823438288657437,
   0.20645899918107138,
   0.0,
   0.4290160104974679,
   0.3500927956199337,
   0.2140287612263431,
   0.13839166610848883
  ],
  [
   0.6858521767835868,
   0.6895766185040869,
   0.6590598583502867,
   0.6136873526950597,
   0.5556647475914649,
   0.5581646077848487,
   0.6306129958604909,
   0.6372943088251708,
   0.6424952470107883,
   0.4025590787359722,
   0.49878350147807693,
   0.508637162806671,
   0.5238102494774299,
   0.18227193582659307,
   0.3296718917528343,
   0.38503931743212755,
   0.4290160104974679,
   0.0,
   0.17504820879591818,
   0.27574673656079224,
   0.33813288276855985
  ],
  [
   0.8177790849236397,
   0.7698841977543703,
   0.6820996355050563,
   0.5791520262171651,
   0.4431698942809156,
   0.5606358873685018,
   0.5552650757026362,
   0.5383640930724187,
   0.560974892558792,
   0.3966227781124009,
   0.39218139992026363,
   0.3782675115070235,
   0.4228713839761095,
   0.2226951375061232,
   0.2025231318573412,
   0.24373437270175122,
   0.3500927956199337,
   0.17504820879591818,
   0.0,
   0.1553027965704127,
   0.28702629560982673
  ],
  [
   0.8025489517574784,
   0.7270199286644035,
   0.6163823353174172,
   0.49901703377209966,
   0.35308441798074275,
   0.5739663393046412,
   0.5565893331933076,
   0.4909598354548999,
   0.4685812632853866,
   0.4554072790891722,
   0.42210220320926717,
   0.33562159240295064,
   0.3146262582882461,
   0.3231534862311627,
   0.2660605404072506,
   0.16662267784621104,
   0.2140287612263431,
   0.27574673656079224,
   0.1553027965704127,
   0.0,
   0.15547399395255965
  ],
  [
   0.7012769978109176,
   0.6192346699387031,
   0.5194291175708651,
   0.4331618441967438,
   0.36234654541536143,
   0.5801266765746176,
   0.6049637145320103,
   0.5172841836921995,
   0.4347990283040521,
   0.5103884984519745,
   0.5176946841010133,
   0.40439886455762303,
   0.29605221606182974,
   0.39463692619152774,
   0.3923978697348764,
   0.25440559062679396,
   0.13839166610848883,
   0.33813288276855985,
   0.28702629560982673,
   0.15547399395255965,
   0.0
  ]
 ]
}