{
    "0": [
        [
            0.0,
            0.22033777681193645,
            0.38247197614039063,
            0.5181779918555933,
            0.678086788729844,
            0.5174573679593744,
            0.6509014328713617,
            0.7302012541576088,
            0.8496164459038071,
            0.5414651432889744,
            0.7179616218925402,
            0.8497028228630177,
            1.0,
            0.49242117590759277,
            0.6502415081332249,
            0.7897556031793606,
            0.928981197741966,
            0.46811794132356505,
            0.578029981419857,
            0.6750882773100427,
            0.7783723978148918
        ],
        [
            0.22033777681193645,
            0.0,
            0.1761392194273274,
            0.32627846631965407,
            0.5070391215252902,
            0.37120555309135306,
            0.49193335089893125,
            0.5679295148986063,
            0.6863257189442346,
            0.44363591177521844,
            0.6022795846898743,
            0.7278127738180664,
            0.8748973583547,
            0.4506265426646792,
            0.5853706105281066,
            0.7203491940181603,
            0.8551647469102347,
            0.47113282241274684,
            0.589116813677313,
            0.6959861640527334,
            0.8005629441534511
        ],
        [
            0.38247197614039063,
            0.1761392194273274,
            0.0,
            0.15492090379405915,
            0.3481690752146326,
            0.25133547544706236,
            0.33556550436041266,
            0.40557790064121035,
            0.5234391975203283,
            0.35122232152357097,
            0.47684951169254847,
            0.591180139169685,
            0.7325295999152421,
            0.4013866788540273,
            0.5019025729812266,
            0.6252347652711056,
            0.7529645046189885,
            0.4540267819149825,
            0.5635596808960842,
            0.6691924359537933,
            0.7684764153615015
        ],
        [
            0.5181779918555933,
            0.32627846631965407,
            0.15492090379405915,
            0.0,
            0.19948972600863965,
            0.22807006264528418,
            0.21550891062161942,
            0.25901489414706325,
            0.3703167770701894,
            0.3196910828634364,
            0.39001620510461477,
            0.4845773075655165,
            0.6173442133562074,
            0.39168494268459714,
            0.4529443846283945,
            0.5593804834548686,
            0.6790202143853444,
            0.4580611941748315,
            0.5511950905421732,
            0.649585520129261,
            0.7406925890928154
        ],
        [
            0.678086788729844,
            0.5070391215252902,
            0.3481690752146326,
            0.19948972600863965,
            0.0,
            0.35448686256035106,
            0.21600018030071003,
            0.1443898935303064,
            0.19138967337799453,
            0.3938304322655309,
            0.3831599438953782,
            0.4326949077325266,
            0.5418455119124452,
            0.4510928763515864,
            0.47054140608329387,
            0.5487830270590826,
            0.654971136172294,
            0.5064180334337193,
            0.5733739709808509,
            0.6559757253191354,
            0.7337711823654389
        ],
        [
            0.5174573679593744,
            0.37120555309135306,
            0.25133547544706236,
            0.22807006264528418,
            0.35448686256035106,
            0.0,
            0.18836868068609638,
            0.3114909738975544,
            0.45532687535171773,
            0.1436089401474936,
            0.25575729108040396,
            0.3765489295724254,
            0.5183697936854109,
            0.2723760221414066,
            0.3016111728920827,
            0.40269274920051756,
            0.5171726259877094,
            0.3814316066105363,
            0.4538694943632769,
            0.5420805450329136,
            0.6234391914547838
        ],
        [
            0.6509014328713617,
            0.49193335089893125,
            0.33556550436041266,
            0.21550891062161942,
            0.21600018030071003,
            0.18836868068609638,
            0.0,
            0.12676780158755255,
            0.26978828231354446,
            0.2182089989539048,
            0.19134577125609556,
            0.2700045759448985,
            0.40277445966620523,
            0.32925589071755684,
            0.3066295783988634,
            0.3762660643255537,
            0.47907378890631064,
            0.42771075537447395,
            0.480118794947516,
            0.5569693041925257,
            0.6275864878536754
        ],
        [
            0.7302012541576088,
            0.5679295148986063,
            0.40557790064121035,
            0.25901489414706325,
            0.1443898935303064,
            0.3114909738975544,
            0.12676780158755255,
            0.0,
            0.14410633850800028,
            0.32711750439928644,
            0.26140632429504235,
            0.2918115544165509,
            0.3988621575838847,
            0.408985265970557,
            0.3795167308620012,
            0.4315605509279351,
            0.5233220253171006,
            0.48756811666321215,
            0.532023689464243,
            0.6019146984387227,
            0.6668720283207978
        ],
        [
            0.8496164459038071,
            0.6863257189442346,
            0.5234391975203283,
            0.3703167770701894,
            0.19138967337799453,
            0.45532687535171773,
            0.26978828231354446,
            0.14410633850800028,
            0.0,
            0.464145864677133,
            0.37242790690056166,
            0.35846266117243997,
            0.42255879069319613,
            0.5302419591700959,
            0.49011391676584826,
            0.5198437672797734,
            0.592125928483864,
            0.5938874115188523,
            0.6271023283357471,
            0.6860691707169946,
            0.7411357884204499
        ],
        [
            0.5414651432889744,
            0.44363591177521844,
            0.35122232152357097,
            0.3196910828634364,
            0.3938304322655309,
            0.1436089401474936,
            0.2182089989539048,
            0.32711750439928644,
            0.464145864677133,
            0.0,
            0.18164395133252198,
            0.31494997733496966,
            0.46305240645565615,
            0.1526153213126247,
            0.162247424138386,
            0.28083921944991747,
            0.4118607542862918,
            0.27526669682346666,
            0.3241649459229098,
            0.40419814689509753,
            0.4812333349037639
        ],
        [
            0.7179616218925402,
            0.6022795846898743,
            0.47684951169254847,
            0.39001620510461477,
            0.3831599438953782,
            0.25575729108040396,
            0.19134577125609556,
            0.26140632429504235,
            0.37242790690056166,
            0.18164395133252198,
            0.0,
            0.13339799536096283,
            0.28249242678802305,
            0.2821678871649533,
            0.16727665460349583,
            0.18992202708435138,
            0.29003027500403944,
            0.39218261297036566,
            0.39881921788733404,
            0.447731874827454,
            0.4958266750509284
        ],
        [
            0.8497028228630177,
            0.7278127738180664,
            0.591180139169685,
            0.4845773075655165,
            0.4326949077325266,
            0.3765489295724254,
            0.2700045759448985,
            0.2918115544165509,
            0.35846266117243997,
            0.31494997733496966,
            0.13339799536096283,
            0.0,
            0.15048833263360695,
            0.40254205080063915,
            0.26392914494309044,
            0.21041931945392903,
            0.24519242083687157,
            0.5017860024633644,
            0.4879858758578696,
            0.5157010553369852,
            0.5417238847986454
        ],
        [
            1.0,
            0.8748973583547,
            0.7325295999152421,
            0.6173442133562074,
            0.5418455119124452,
            0.5183697936854109,
            0.40277445966620523,
            0.3988621575838847,
            0.42255879069319613,
            0.46305240645565615,
            0.28249242678802305,
            0.15048833263360695,
            0.0,
            0.5462713429919389,
            0.39639379343219794,
            0.3018645296633671,
            0.2577606061064763,
            0.6397875713362474,
            0.6105681674829949,
            0.6196247422142,
            0.6241338075067736
        ],
        [
            0.49242117590759277,
            0.4506265426646792,
            0.4013866788540273,
            0.39168494268459714,
            0.4510928763515864,
            0.2723760221414066,
            0.32925589071755684,
            0.408985265970557,
            0.5302419591700959,
            0.1526153213126247,
            0.2821678871649533,
            0.40254205080063915,
            0.5462713429919389,
            0.0,
            0.16590659712365646,
            0.30699671094310554,
            0.452508117587703,
            0.12464178966784444,
            0.18276450667145652,
            0.27800038283736095,
            0.37143137293943695
        ],
        [
            0.6502415081332249,
            0.5853706105281066,
            0.5019025729812266,
            0.4529443846283945,
            0.47054140608329387,
            0.3016111728920827,
            0.3066295783988634,
            0.3795167308620012,
            0.49011391676584826,
            0.162247424138386,
            0.16727665460349583,
            0.26392914494309044,
            0.39639379343219794,
            0.16590659712365646,
            0.0,
            0.1424841592606054,
            0.2883270770460498,
            0.26224438443384696,
            0.24486240586963648,
            0.2897218049471751,
            0.34474226997321517
        ],
        [
            0.7897556031793606,
            0.7203491940181603,
            0.6252347652711056,
            0.5593804834548686,
            0.5487830270590826,
            0.40269274920051756,
            0.3762660643255537,
            0.4315605509279351,
            0.5198437672797734,
            0.28083921944991747,
            0.18992202708435138,
            0.21041931945392903,
            0.3018645296633671,
            0.30699671094310554,
            0.1424841592606054,
            0.0,
            0.14705095615434566,
            0.39119373792655676,
            0.3420609905554132,
            0.3455913362209382,
            0.358679912030585
        ],
        [
            0.928981197741966,
            0.8551647469102347,
            0.7529645046189885,
            0.6790202143853444,
            0.654971136172294,
            0.5171726259877094,
            0.47907378890631064,
            0.5233220253171006,
            0.592125928483864,
            0.4118607542862918,
            0.29003027500403944,
            0.24519242083687157,
            0.2577606061064763,
            0.452508117587703,
            0.2883270770460498,
            0.14705095615434566,
            0.0,
            0.5348189914526494,
            0.4740269057951631,
            0.455550373815297,
            0.43854979266746225
        ],
        [
            0.46811794132356505,
            0.47113282241274684,
            0.4540267819149825,
            0.4580611941748315,
            0.5064180334337193,
            0.3814316066105363,
            0.42771075537447395,
            0.48756811666321215,
            0.5938874115188523,
            0.27526669682346666,
            0.39218261297036566,
            0.5017860024633644,
            0.6397875713362474,
            0.12464178966784444,
            0.26224438443384696,
            0.39119373792655676,
            0.5348189914526494,
            0.0,
            0.12037262803561012,
            0.22798756145022708,
            0.3346522373025214
        ],
        [
            0.578029981419857,
            0.589116813677313,
            0.5635596808960842,
            0.5511950905421732,
            0.5733739709808509,
            0.4538694943632769,
            0.480118794947516,
            0.532023689464243,
            0.6271023283357471,
            0.3241649459229098,
            0.39881921788733404,
            0.4879858758578696,
            0.6105681674829949,
            0.18276450667145652,
            0.24486240586963648,
            0.3420609905554132,
            0.4740269057951631,
            0.12037262803561012,
            0.0,
            0.10822477041342456,
            0.21437478189323808
        ],
        [
            0.6750882773100427,
            0.6959861640527334,
            0.6691924359537933,
            0.649585520129261,
            0.6559757253191354,
            0.5420805450329136,
            0.5569693041925257,
            0.6019146984387227,
            0.6860691707169946,
            0.40419814689509753,
            0.447731874827454,
            0.5157010553369852,
            0.6196247422142,
            0.27800038283736095,
            0.2897218049471751,
            0.3455913362209382,
            0.455550373815297,
            0.22798756145022708,
            0.10822477041342456,
            0.0,
            0.10747504366640805
        ],
        [
            0.7783723978148918,
            0.8005629441534511,
            0.7684764153615015,
            0.7406925890928154,
            0.7337711823654389,
            0.6234391914547838,
            0.6275864878536754,
            0.6668720283207978,
            0.7411357884204499,
            0.4812333349037639,
            0.4958266750509284,
            0.5417238847986454,
            0.6241338075067736,
            0.37143137293943695,
            0.34474226997321517,
            0.358679912030585,
            0.43854979266746225,
            0.3346522373025214,
            0.21437478189323808,
            0.10747504366640805,
            0.0
        ]
    ],
    "8": [
        [
            0.0,
            0.22199047972905014,
            0.39042448888359965,
            0.5400991890873802,
            0.7368511977647171,
            0.5220623400627085,
            0.6859421828259932,
            0.7741709884215382,
            0.8939052106971874,
            0.5461967670558658,
            0.7211281438290221,
            0.8503169833755359,
            1.0,
            0.496637768423808,
            0.661915959028645,
            0.8041436946327244,
            0.9505045447201863,
            0.4721249825918303,
            0.5865293900227467,
            0.6931192037278681,
            0.8084087765158857
        ],
        [
            0.22199047972905014,
            0.0,
            0.1776040661899011,
            0.33295655025164633,
            0.527247787403959,
            0.3748469985007389,
            0.5245909994611224,
            0.6054787283523929,
            0.7219670474596267,
            0.4478815523810908,
            0.6106754387623938,
            0.7343824585914802,
            0.8826459638219362,
            0.454672769737031,
            0.6013683919028064,
            0.7359081878440632,
            0.8743640984771859,
            0.47519040674048024,
            0.5808887767861368,
            0.6818177329373253,
            0.7884540869884781
        ],
        [
            0.39042448888359965,
            0.1776040661899011,
            0.0,
            0.15604579398460702,
            0.35388788973708357,
            0.26909840655282524,
            0.3794387398006121,
            0.44730131431944864,
            0.5581361189737267,
            0.3731088226237304,
            0.5044081771289134,
            0.6154344392151198,
            0.7574499713773849,
            0.42459217795355136,
            0.53738133598088,
            0.6552200513829152,
            0.7811063213269734,
            0.4766675585701759,
            0.562379010252904,
            0.6500470758937759,
            0.7431839870259886
        ],
        [
            0.5400991890873802,
            0.33295655025164633,
            0.15604579398460702,
            0.0,
            0.2055067698014623,
            0.2576283142669886,
            0.28379539073074034,
            0.32154216563035376,
            0.41824650645180683,
            0.368079811027074,
            0.44620891810477425,
            0.5342041664826461,
            0.6637047643942715,
            0.4498937727280082,
            0.5195211459238366,
            0.6120612019186932,
            0.7197874611524704,
            0.5192995554475305,
            0.5817850099599328,
            0.6522739807104082,
            0.7287473884314639
        ],
        [
            0.7368511977647171,
            0.527247787403959,
            0.35388788973708357,
            0.2055067698014623,
            0.0,
            0.4140828052387352,
            0.3434626674358765,
            0.30846080977418006,
            0.3396134263797908,
            0.512313716724057,
            0.5250526250220602,
            0.5694280558818826,
            0.6667076993670606,
            0.6048892466585748,
            0.6332501506019077,
            0.6901228039176401,
            0.7674766894867872,
            0.676101104543939,
            0.720018545438355,
            0.7725505030815591,
            0.8295356136855694
        ],
        [
            0.5220623400627085,
            0.3748469985007389,
            0.26909840655282524,
            0.2576283142669886,
            0.4140828052387352,
            0.0,
            0.1875849535539335,
            0.30368763083319095,
            0.43898226497739923,
            0.14500918236125665,
            0.26809885184691695,
            0.3878454989387787,
            0.531220377881438,
            0.27466020458554663,
            0.32823669358596747,
            0.4333625965581458,
            0.5506151584237449,
            0.3844378921100008,
            0.4181520578794957,
            0.4765882443111525,
            0.5464976729602499
        ],
        [
            0.6859421828259932,
            0.5245909994611224,
            0.3794387398006121,
            0.28379539073074034,
            0.3434626674358765,
            0.1875849535539335,
            0.0,
            0.12209215997037612,
            0.2565441615663403,
            0.22491763108719923,
            0.1941171952274309,
            0.2629664261016896,
            0.3903268884254893,
            0.3547899700394953,
            0.3291952374050286,
            0.3784298960290525,
            0.46167507717987866,
            0.4631834908098117,
            0.46429111291407416,
            0.49257903518351437,
            0.532774426908575
        ],
        [
            0.7741709884215382,
            0.6054787283523929,
            0.44730131431944864,
            0.32154216563035376,
            0.30846080977418006,
            0.30368763083319095,
            0.12209215997037612,
            0.0,
            0.13550955181261828,
            0.3290995185629015,
            0.2501919667631809,
            0.2636549522810956,
            0.36126688153146946,
            0.43715855438181556,
            0.39105190269537177,
            0.4083079696116836,
            0.4658617029565206,
            0.5318936650305871,
            0.5257920020705118,
            0.5431768618183281,
            0.5704065047709618
        ],
        [
            0.8939052106971874,
            0.7219670474596267,
            0.5581361189737267,
            0.41824650645180683,
            0.3396134263797908,
            0.43898226497739923,
            0.2565441615663403,
            0.13550955181261828,
            0.0,
            0.45621331162564277,
            0.3478963392326001,
            0.31173520775766045,
            0.35833583323247276,
            0.5507030887583712,
            0.485691372279161,
            0.4710110616435915,
            0.4950223180830742,
            0.6347926388014041,
            0.6192945098925161,
            0.6235079214343955,
            0.6344270137525979
        ],
        [
            0.5461967670558658,
            0.4478815523810908,
            0.3731088226237304,
            0.368079811027074,
            0.512313716724057,
            0.14500918236125665,
            0.22491763108719923,
            0.3290995185629015,
            0.45621331162564277,
            0.0,
            0.18133754267892319,
            0.31408020428931144,
            0.4621977158039268,
            0.15376040453343554,
            0.18747450273975635,
            0.30683707193795,
            0.4379157073694682,
            0.2772497605113185,
            0.2838958656551797,
            0.3335666896916577,
            0.40349911828883867
        ],
        [
            0.7211281438290221,
            0.6106754387623938,
            0.5044081771289134,
            0.44620891810477425,
            0.5250526250220602,
            0.26809885184691695,
            0.1941171952274309,
            0.2501919667631809,
            0.3478963392326001,
            0.18133754267892319,
            0.0,
            0.13276641846732265,
            0.2812741112087131,
            0.2708971826438397,
            0.16497603523170826,
            0.18870990353925057,
            0.285693589456973,
            0.37881910391645485,
            0.3334158622292742,
            0.3291189250912559,
            0.34863274731681154
        ],
        [
            0.8503169833755359,
            0.7343824585914802,
            0.6154344392151198,
            0.5342041664826461,
            0.5694280558818826,
            0.3878454989387787,
            0.2629664261016896,
            0.2636549522810956,
            0.31173520775766045,
            0.31408020428931144,
            0.13276641846732265,
            0.0,
            0.15005731946076825,
            0.38913385869585293,
            0.25173675267453666,
            0.18678989541164234,
            0.20825733860083379,
            0.48339924022391056,
            0.41875711827290535,
            0.3851048531380881,
            0.3658045756642091
        ],
        [
            1.0,
            0.8826459638219362,
            0.7574499713773849,
            0.6637047643942715,
            0.6667076993670606,
            0.531220377881438,
            0.3903268884254893,
            0.36126688153146946,
            0.35833583323247276,
            0.4621977158039268,
            0.2812741112087131,
            0.15005731946076825,
            0.0,
            0.5307036774542256,
            0.37942828647388327,
            0.27031340434061685,
            0.19367040536023744,
            0.6167139934489216,
            0.5379474499729836,
            0.48224176413254455,
            0.4292824468846916
        ],
        [
            0.496637768423808,
            0.454672769737031,
            0.42459217795355136,
            0.4498937727280082,
            0.6048892466585748,
            0.27466020458554663,
            0.3547899700394953,
            0.43715855438181556,
            0.5507030887583712,
            0.15376040453343554,
            0.2708971826438397,
            0.38913385869585293,
            0.5307036774542256,
            0.0,
            0.16651741371550446,
            0.30813561302281833,
            0.45506270764186996,
            0.12547770320475884,
            0.14946983149803636,
            0.23311288514266534,
            0.3345879031213279
        ],
        [
            0.661915959028645,
            0.6013683919028064,
            0.53738133598088,
            0.5195211459238366,
            0.6332501506019077,
            0.32823669358596747,
            0.3291952374050286,
            0.39105190269537177,
            0.485691372279161,
            0.18747450273975635,
            0.16497603523170826,
            0.25173675267453666,
            0.37942828647388327,
            0.16651741371550446,
            0.0,
            0.14290573904000695,
            0.28913366907055554,
            0.2493056210405151,
            0.17592980741219735,
            0.16962608549956745,
            0.2189164010287236
        ],
        [
            0.8041436946327244,
            0.7359081878440632,
            0.6552200513829152,
            0.6120612019186932,
            0.6901228039176401,
            0.4333625965581458,
            0.3784298960290525,
            0.4083079696116836,
            0.4710110616435915,
            0.30683707193795,
            0.18870990353925057,
            0.18678989541164234,
            0.27031340434061685,
            0.30813561302281833,
            0.14290573904000695,
            0.0,
            0.14715049054063453,
            0.3743954521364072,
            0.2776790176185921,
            0.21365804275447317,
            0.17956319077056263
        ],
        [
            0.9505045447201863,
            0.8743640984771859,
            0.7811063213269734,
            0.7197874611524704,
            0.7674766894867872,
            0.5506151584237449,
            0.46167507717987866,
            0.4658617029565206,
            0.4950223180830742,
            0.4379157073694682,
            0.285693589456973,
            0.20825733860083379,
            0.19367040536023744,
            0.45506270764186996,
            0.28913366907055554,
            0.14715049054063453,
            0.0,
            0.5183028865149719,
            0.4154865575718571,
            0.33359031355654595,
            0.2532793242333513
        ],
        [
            0.4721249825918303,
            0.47519040674048024,
            0.4766675585701759,
            0.5192995554475305,
            0.676101104543939,
            0.3844378921100008,
            0.4631834908098117,
            0.5318936650305871,
            0.6347926388014041,
            0.2772497605113185,
            0.37881910391645485,
            0.48339924022391056,
            0.6167139934489216,
            0.12547770320475884,
            0.2493056210405151,
            0.3743954521364072,
            0.5183028865149719,
            0.0,
            0.12074539642925622,
            0.22902936580528407,
            0.34618233408023147
        ],
        [
            0.5865293900227467,
            0.5808887767861368,
            0.562379010252904,
            0.5817850099599328,
            0.720018545438355,
            0.4181520578794957,
            0.46429111291407416,
            0.5257920020705118,
            0.6192945098925161,
            0.2838958656551797,
            0.3334158622292742,
            0.41875711827290535,
            0.5379474499729836,
            0.14946983149803636,
            0.17592980741219735,
            0.2776790176185921,
            0.4154865575718571,
            0.12074539642925622,
            0.0,
            0.10849807726707081,
            0.2258545541629067
        ],
        [
            0.6931192037278681,
            0.6818177329373253,
            0.6500470758937759,
            0.6522739807104082,
            0.7725505030815591,
            0.4765882443111525,
            0.49257903518351437,
            0.5431768618183281,
            0.6235079214343955,
            0.3335666896916577,
            0.3291189250912559,
            0.3851048531380881,
            0.48224176413254455,
            0.23311288514266534,
            0.16962608549956745,
            0.21365804275447317,
            0.33359031355654595,
            0.22902936580528407,
            0.10849807726707081,
            0.0,
            0.11786619970507262
        ],
        [
            0.8084087765158857,
            0.7884540869884781,
            0.7431839870259886,
            0.7287473884314639,
            0.8295356136855694,
            0.5464976729602499,
            0.532774426908575,
            0.5704065047709618,
            0.6344270137525979,
            0.40349911828883867,
            0.34863274731681154,
            0.3658045756642091,
            0.4292824468846916,
            0.3345879031213279,
            0.2189164010287236,
            0.17956319077056263,
            0.2532793242333513,
            0.34618233408023147,
            0.2258545541629067,
            0.11786619970507262,
            0.0
        ]
    ],
    "17": [
        [
            0.0,
            0.2243502970466389,
            0.39080717396478354,
            0.5407310308272537,
            0.7351822096846738,
            0.5281501049687436,
            0.6784612158821489,
            0.7419755909121994,
            0.8429089725970081,
            0.553022130677111,
            0.72161833179352,
            0.8479904901046342,
            1.0,
            0.5031295111665637,
            0.6696505008035236,
            0.8121172623394417,
            0.9590590456807875,
            0.4782317214550517,
            0.5916172658696593,
            0.6974961672076104,
            0.8160418199845989
        ],
        [
            0.2243502970466389,
            0.0,
            0.17967275881015324,
            0.3371036995215879,
            0.5303816685221937,
            0.3793516109157894,
            0.5075211289321466,
            0.5610973544186834,
            0.6564636162948119,
            0.45350910927352084,
            0.6006391095625382,
            0.7173390614788319,
            0.8654620395138889,
            0.46048684796034367,
            0.6051665989487002,
            0.7369296707973536,
            0.8736297429815209,
            0.48113887400172295,
            0.5913302145357696,
            0.6943144259810353,
            0.8055882977240832
        ],
        [
            0.39080717396478354,
            0.17967275881015324,
            0.0,
            0.15811927476821824,
            0.3564638613872717,
            0.2655334023134168,
            0.3473145407647549,
            0.38838826257405773,
            0.48091737153158165,
            0.3669137226264738,
            0.47525301379091917,
            0.5767897452350088,
            0.7177374944099756,
            0.4162290955594419,
            0.5251118940346643,
            0.6382221231283922,
            0.7612765210357519,
            0.4678732433960383,
            0.5625420131630324,
            0.6550284289704237,
            0.7544169755319258
        ],
        [
            0.5407310308272537,
            0.3371036995215879,
            0.15811927476821824,
            0.0,
            0.20767563793927976,
            0.24927531565622826,
            0.23327194934192905,
            0.24181593831753526,
            0.3249670908049708,
            0.35333827178867927,
            0.39857138147106824,
            0.47277326450621604,
            0.59998201938299,
            0.4321575320592906,
            0.4940486139055978,
            0.578844919177998,
            0.6820244426367685,
            0.501105087634072,
            0.5747862955168462,
            0.6521638491248133,
            0.7361499018693461
        ],
        [
            0.7351822096846738,
            0.5303816685221937,
            0.3564638613872717,
            0.20767563793927976,
            0.0,
            0.41132971787732786,
            0.2905674658897461,
            0.2054053436127179,
            0.18696804578293527,
            0.4984750873267657,
            0.46803430019460984,
            0.48593297330627666,
            0.5716674353687344,
            0.5834458714055741,
            0.6007182324072017,
            0.6443890235784183,
            0.7126137229481363,
            0.6506148102810076,
            0.7075145880813274,
            0.7691854947675052,
            0.8356082514165671
        ],
        [
            0.5281501049687436,
            0.3793516109157894,
            0.2655334023134168,
            0.24927531565622826,
            0.41132971787732786,
            0.0,
            0.1910826889942615,
            0.303857519565731,
            0.4380510043959995,
            0.1465099531592458,
            0.2549820628884339,
            0.3727672397687117,
            0.5184980203983797,
            0.27743394966854906,
            0.3258104513143568,
            0.4270047468701811,
            0.5427543642496714,
            0.3884495450254974,
            0.431151864275491,
            0.49317070542194136,
            0.5671549683764732
        ],
        [
            0.6784612158821489,
            0.5075211289321466,
            0.3473145407647549,
            0.23327194934192905,
            0.2905674658897461,
            0.1910826889942615,
            0.0,
            0.12400628813965378,
            0.25903106934045594,
            0.24539205096905348,
            0.1967044560401691,
            0.25340555864508735,
            0.38082210431153196,
            0.3697679897446444,
            0.3496686454564227,
            0.3951631096832795,
            0.4753429744410247,
            0.4738100278655318,
            0.4975667893400673,
            0.5406262732101118,
            0.593530428544155
        ],
        [
            0.7419755909121994,
            0.5610973544186834,
            0.38838826257405773,
            0.24181593831753526,
            0.2054053436127179,
            0.303857519565731,
            0.12400628813965378,
            0.0,
            0.1360463039338749,
            0.35214561293876717,
            0.2735763104028082,
            0.2814065516414585,
            0.37848980178807623,
            0.45258425976507444,
            0.4263454549342999,
            0.4505597162639619,
            0.5116125081969466,
            0.5392957975419514,
            0.5664007039565272,
            0.6085183526476722,
            0.658352678565791
        ],
        [
            0.8429089725970081,
            0.6564636162948119,
            0.48091737153158165,
            0.3249670908049708,
            0.18696804578293527,
            0.4380510043959995,
            0.25903106934045594,
            0.1360463039338749,
            0.0,
            0.48339229095624764,
            0.38609788800071687,
            0.35570642960393356,
            0.4089467009505254,
            0.5705522722395537,
            0.5357916912511285,
            0.5387076184648215,
            0.5759144469365585,
            0.6444598952454488,
            0.6705817347062278,
            0.7082313943686974,
            0.7512726221635654
        ],
        [
            0.553022130677111,
            0.45350910927352084,
            0.3669137226264738,
            0.35333827178867927,
            0.4984750873267657,
            0.1465099531592458,
            0.24539205096905348,
            0.35214561293876717,
            0.48339229095624764,
            0.0,
            0.18323771014754162,
            0.31777597681442477,
            0.4681589814879658,
            0.15534679925851294,
            0.18477133237893606,
            0.30311549290854295,
            0.43501724836578404,
            0.2802871529588366,
            0.29566187801139143,
            0.34826346195635305,
            0.42122698981872053
        ],
        [
            0.72161833179352,
            0.6006391095625382,
            0.47525301379091917,
            0.39857138147106824,
            0.46803430019460984,
            0.2549820628884339,
            0.1967044560401691,
            0.2735763104028082,
            0.38609788800071687,
            0.18323771014754162,
            0.0,
            0.13458364488265767,
            0.2853566416292163,
            0.28051071323216437,
            0.18181169223047186,
            0.20185616921080818,
            0.294801433751307,
            0.38886065900234035,
            0.3656657338624209,
            0.37751075368044584,
            0.4088131520477837
        ],
        [
            0.8479904901046342,
            0.7173390614788319,
            0.5767897452350088,
            0.47277326450621604,
            0.48593297330627666,
            0.3727672397687117,
            0.25340555864508735,
            0.2814065516414585,
            0.35570642960393356,
            0.31777597681442477,
            0.13458364488265767,
            0.0,
            0.15264822187555174,
            0.40193128642983406,
            0.2752199708074395,
            0.2170366925908486,
            0.23696192786348755,
            0.49712207784739715,
            0.4595355913658015,
            0.4498198324214673,
            0.4523245064533927
        ],
        [
            1.0,
            0.8654620395138889,
            0.7177374944099756,
            0.59998201938299,
            0.5716674353687344,
            0.5184980203983797,
            0.38082210431153196,
            0.37848980178807623,
            0.4089467009505254,
            0.4681589814879658,
            0.2853566416292163,
            0.15264822187555174,
            0.0,
            0.5461588970140637,
            0.4033830687165754,
            0.30133265390417346,
            0.23450571379412816,
            0.6336517519257436,
            0.5819845319957534,
            0.552146452649285,
            0.5258580883327815
        ],
        [
            0.5031295111665637,
            0.46048684796034367,
            0.4162290955594419,
            0.4321575320592906,
            0.5834458714055741,
            0.27743394966854906,
            0.3697679897446444,
            0.45258425976507444,
            0.5705522722395537,
            0.15534679925851294,
            0.28051071323216437,
            0.40193128642983406,
            0.5461588970140637,
            0.0,
            0.16847074142594526,
            0.3112697911608383,
            0.45971387153431637,
            0.12695929427711938,
            0.1578439632426904,
            0.24221872888693066,
            0.34633349181257156
        ],
        [
            0.6696505008035236,
            0.6051665989487002,
            0.5251118940346643,
            0.4940486139055978,
            0.6007182324072017,
            0.3258104513143568,
            0.3496686454564227,
            0.4263454549342999,
            0.5357916912511285,
            0.18477133237893606,
            0.18181169223047186,
            0.2752199708074395,
            0.4033830687165754,
            0.16847074142594526,
            0.0,
            0.14429119430752663,
            0.2922242113739551,
            0.2542502387685526,
            0.19456410921435088,
            0.19771891054013918,
            0.24882433810477164
        ],
        [
            0.8121172623394417,
            0.7369296707973536,
            0.6382221231283922,
            0.578844919177998,
            0.6443890235784183,
            0.4270047468701811,
            0.3951631096832795,
            0.4505597162639619,
            0.5387076184648215,
            0.30311549290854295,
            0.20185616921080818,
            0.2170366925908486,
            0.30133265390417346,
            0.3112697911608383,
            0.14429119430752663,
            0.0,
            0.14873900621701597,
            0.38135166925677616,
            0.2995484472224577,
            0.2534762303315576,
            0.23582366934867685
        ],
        [
            0.9590590456807875,
            0.8736297429815209,
            0.7612765210357519,
            0.6820244426367685,
            0.7126137229481363,
            0.5427543642496714,
            0.4753429744410247,
            0.5116125081969466,
            0.5759144469365585,
            0.43501724836578404,
            0.294801433751307,
            0.23696192786348755,
            0.23450571379412816,
            0.45971387153431637,
