{
    "3": [
        [
            0.0,
            0.2232742301096453,
            0.38801948948727505,
            0.4812818681966359,
            0.48220450172684,
            0.525245969970109,
            0.7127091053215174,
            0.8368478320553107,
            0.9828589849893654,
            0.5486772847114826,
            0.7267250474263419,
            0.855836595485496,
            1.0,
            0.49830510500275654,
            0.6640942959478907,
            0.8024231256929304,
            0.9446279690146973,
            0.47345765615238916,
            0.5883305215333098,
            0.6897641352054467,
            0.7982023252578277
        ],
        [
            0.2232742301096453,
            0.0,
            0.17714402522246434,
            0.3054169235855207,
            0.3849265755652176,
            0.3765577438493158,
            0.5557038622998824,
            0.67854162057069,
            0.8258297245821326,
            0.44924955065482014,
            0.621518032838106,
            0.7520968581376319,
            0.8991063472255131,
            0.45581738781946785,
            0.6098525969221328,
            0.7504898181452709,
            0.8929612262942073,
            0.4764926643750918,
            0.5968966677757955,
            0.7054683970778253,
            0.8165347460546917
        ],
        [
            0.38801948948727505,
            0.17714402522246434,
            0.0,
            0.15628017471202996,
            0.30968687982581394,
            0.2529920771876192,
            0.40640571167949213,
            0.5227794919422926,
            0.6678156295697228,
            0.3569949753229261,
            0.5056711285351053,
            0.6303790094922503,
            0.7748180641137256,
            0.41027438229228297,
            0.5356195744888724,
            0.6683653594111764,
            0.8048438377232844,
            0.4653684195730668,
            0.5749037008228413,
            0.6799328444526607,
            0.7861289597425067
        ],
        [
            0.4812818681966359,
            0.3054169235855207,
            0.15628017471202996,
            0.0,
            0.19477458175488974,
            0.19854036307702846,
            0.3090052591677625,
            0.41321868714169935,
            0.554298670048972,
            0.2709896503976107,
            0.3863490102834689,
            0.5032596327771797,
            0.6461993724678529,
            0.32915999598410745,
            0.42612623123339494,
            0.5498429830410291,
            0.6828642198070484,
            0.3934057540780497,
            0.4847878750681684,
            0.581241334891663,
            0.6804830215121737
        ],
        [
            0.48220450172684,
            0.3849265755652176,
            0.30968687982581394,
            0.19477458175488974,
            0.0,
            0.302632406901879,
            0.39509891327201346,
            0.48145646967490563,
            0.6086839326687178,
            0.2718635348508005,
            0.36644972777145907,
            0.47337307461163114,
            0.6128909323298861,
            0.23471787349852455,
            0.33446476292844735,
            0.4569306437104457,
            0.5953706204742543,
            0.24824067099584973,
            0.32594590975528465,
            0.417106957610403,
            0.5161722964275727
        ],
        [
            0.525245969970109,
            0.3765577438493158,
            0.2529920771876192,
            0.19854036307702846,
            0.302632406901879,
            0.0,
            0.18993876947987134,
            0.31678706675215285,
            0.4632135050853911,
            0.14576589336389906,
            0.2788807950636345,
            0.40379170337190634,
            0.5451373177025043,
            0.27652177602348177,
            0.3455825199971521,
            0.46249356232203903,
            0.5870684737227124,
            0.38719902161536013,
            0.46704269300426315,
            0.5588190187202046,
            0.6521390166237816
        ],
        [
            0.7127091053215174,
            0.5557038622998824,
            0.40640571167949213,
            0.3090052591677625,
            0.39509891327201346,
            0.18993876947987134,
            0.0,
            0.12731148736014236,
            0.2739220641470949,
            0.22597646169388447,
            0.20544709813087308,
            0.28657139455903474,
            0.40872381664072605,
            0.37233488131650205,
            0.3544351638204275,
            0.4227097975650114,
            0.5157970002563868,
            0.4911792986145548,
            0.5346106385570839,
            0.6024903275537073,
            0.6744087032796138
        ],
        [
            0.8368478320553107,
            0.67854162057069,
            0.5227794919422926,
            0.41321868714169935,
            0.48145646967490563,
            0.31678706675215285,
            0.12731148736014236,
            0.0,
            0.14760843451124017,
            0.3285439710467011,
            0.2324289346313295,
            0.25011936754235087,
            0.33740618737212347,
            0.46208570444610286,
            0.4025112929324385,
            0.4311628515633833,
            0.4932161324257591,
            0.5768603072803882,
            0.5992817974438227,
            0.650121184018789,
            0.7058249412334809
        ],
        [
            0.9828589849893654,
            0.8258297245821326,
            0.6678156295697228,
            0.554298670048972,
            0.6086839326687178,
            0.4632135050853911,
            0.2739220641470949,
            0.14760843451124017,
            0.0,
            0.46073915712842617,
            0.3260820755555306,
            0.2791780874233785,
            0.29718672727476686,
            0.5832675000510188,
            0.4923846227077705,
            0.48044836919767014,
            0.500887586190944,
            0.6936496856108256,
            0.6970842606304879,
            0.7302383806385816,
            0.7676152014282136
        ],
        [
            0.5486772847114826,
            0.44924955065482014,
            0.3569949753229261,
            0.2709896503976107,
            0.2718635348508005,
            0.14576589336389906,
            0.22597646169388447,
            0.3285439710467011,
            0.46073915712842617,
            0.0,
            0.18263779958998255,
            0.3138742548791656,
            0.45840306681885484,
            0.1548742124761838,
            0.202444665713034,
            0.32640899317040917,
            0.458700700222795,
            0.2792988720040444,
            0.33783537753586784,
            0.4221189583990466,
            0.5113180939721718
        ],
        [
            0.7267250474263419,
            0.621518032838106,
            0.5056711285351053,
            0.3863490102834689,
            0.36644972777145907,
            0.2788807950636345,
            0.20544709813087308,
            0.2324289346313295,
            0.3260820755555306,
            0.18263779958998255,
            0.0,
            0.131918106902582,
            0.2782083756598389,
            0.26735286911198514,
            0.1714551959181671,
            0.21739521222554525,
            0.32077707377158204,
            0.37625290370506487,
            0.378964796955987,
            0.42447753900323715,
            0.4822516443586461
        ],
        [
            0.855836595485496,
            0.7520968581376319,
            0.6303790094922503,
            0.5032596327771797,
            0.47337307461163114,
            0.40379170337190634,
            0.28657139455903474,
            0.25011936754235087,
            0.2791780874233785,
            0.3138742548791656,
            0.131918106902582,
            0.0,
            0.1473694557349626,
            0.3800005322272403,
            0.24236945820325526,
            0.20146203173975227,
            0.2441783761791608,
            0.47436634341917505,
            0.4479806645101016,
            0.46437777139839453,
            0.49394962387437724
        ],
        [
            1.0,
            0.8991063472255131,
            0.7748180641137256,
            0.6461993724678529,
            0.6128909323298861,
            0.5451373177025043,
            0.40872381664072605,
            0.33740618737212347,
            0.29718672727476686,
            0.45840306681885484,
            0.2782083756598389,
            0.1473694557349626,
            0.0,
            0.5163918061061609,
            0.36348754525962107,
            0.27085375774635934,
            0.2241378301615291,
            0.6014519187318831,
            0.555538809286315,
            0.5478710550615586,
            0.5496327697024964
        ],
        [
            0.49830510500275654,
            0.45581738781946785,
            0.41027438229228297,
            0.32915999598410745,
            0.23471787349852455,
            0.27652177602348177,
            0.37233488131650205,
            0.46208570444610286,
            0.5832675000510188,
            0.1548742124761838,
            0.26735286911198514,
            0.3800005322272403,
            0.5163918061061609,
            0.0,
            0.16620438077218333,
            0.30586525438625217,
            0.44996837960058433,
            0.12645640501565245,
            0.19407441872440512,
            0.2916702331475338,
            0.39356945479609823
        ],
        [
            0.6640942959478907,
            0.6098525969221328,
            0.5356195744888724,
            0.42612623123339494,
            0.33446476292844735,
            0.3455825199971521,
            0.3544351638204275,
            0.4025112929324385,
            0.4923846227077705,
            0.202444665713034,
            0.1714551959181671,
            0.24236945820325526,
            0.36348754525962107,
            0.16620438077218333,
            0.0,
            0.14141096971570127,
            0.2857347371994021,
            0.24171063633241788,
            0.21668672015148585,
            0.2593484699429724,
            0.3267251327984114
        ],
        [
            0.8024231256929304,
            0.7504898181452709,
            0.6683653594111764,
            0.5498429830410291,
            0.4569306437104457,
            0.46249356232203903,
            0.4227097975650114,
            0.4311628515633833,
            0.48044836919767014,
            0.32640899317040917,
            0.21739521222554525,
            0.20146203173975227,
            0.27085375774635934,
            0.30586525438625217,
            0.14141096971570127,
            0.0,
            0.1450546951371301,
            0.3615160243073079,
            0.2963098002142845,
            0.28548935778457346,
            0.303495189502464
        ],
        [
            0.9446279690146973,
            0.8929612262942073,
            0.8048438377232844,
            0.6828642198070484,
            0.5953706204742543,
            0.5870684737227124,
            0.5157970002563868,
            0.4932161324257591,
            0.500887586190944,
            0.458700700222795,
            0.32077707377158204,
            0.2441783761791608,
            0.2241378301615291,
            0.44996837960058433,
            0.2857347371994021,
            0.1450546951371301,
            0.0,
            0.5003564292013596,
            0.42095781668097454,
            0.38170229238824654,
            0.3583332684223131
        ],
        [
            0.47345765615238916,
            0.4764926643750918,
            0.4653684195730668,
            0.3934057540780497,
            0.24824067099584973,
            0.38719902161536013,
            0.4911792986145548,
            0.5768603072803882,
            0.6936496856108256,
            0.2792988720040444,
            0.37625290370506487,
            0.47436634341917505,
            0.6014519187318831,
            0.12645640501565245,
            0.24171063633241788,
            0.3615160243073079,
            0.5003564292013596,
            0.0,
            0.12110184882135186,
            0.22954286076816666,
            0.34074961713622354
        ],
        [
            0.5883305215333098,
            0.5968966677757955,
            0.5749037008228413,
            0.4847878750681684,
            0.32594590975528465,
            0.46704269300426315,
            0.5346106385570839,
            0.5992817974438227,
            0.6970842606304879,
            0.33783537753586784,
            0.378964796955987,
            0.4479806645101016,
            0.555538809286315,
            0.19407441872440512,
            0.21668672015148585,
            0.2963098002142845,
            0.42095781668097454,
            0.12110184882135186,
            0.0,
            0.10886150030764916,
            0.21981651366561578
        ],
        [
            0.6897641352054467,
            0.7054683970778253,
            0.6799328444526607,
            0.581241334891663,
            0.417106957610403,
            0.5588190187202046,
            0.6024903275537073,
            0.650121184018789,
            0.7302383806385816,
            0.4221189583990466,
            0.42447753900323715,
            0.46437777139839453,
            0.5478710550615586,
            0.2916702331475338,
            0.2593484699429724,
            0.28548935778457346,
            0.38170229238824654,
            0.22954286076816666,
            0.10886150030764916,
            0.0,
            0.11133993860324767
        ],
        [
            0.7982023252578277,
            0.8165347460546917,
            0.7861289597425067,
            0.6804830215121737,
            0.5161722964275727,
            0.6521390166237816,
            0.6744087032796138,
            0.7058249412334809,
            0.7676152014282136,
            0.5113180939721718,
            0.4822516443586461,
            0.49394962387437724,
            0.5496327697024964,
            0.39356945479609823,
            0.3267251327984114,
            0.303495189502464,
            0.3583332684223131,
            0.34074961713622354,
            0.21981651366561578,
            0.11133993860324767,
            0.0
        ]
    ],
    "5": [
        [
            0.0,
            0.2207486341694501,
            0.3683433080084015,
            0.48946572637093844,
            0.6176908081080003,
            0.5186356977844809,
            0.6997006379439494,
            0.8214870604427358,
            0.9621741061626395,
            0.5419575414199886,
            0.7224800617047488,
            0.8544314726644963,
            1.0,
            0.4923216478823917,
            0.654081204035452,
            0.7953105120570314,
            0.9356444827845443,
            0.4680013130661667,
            0.5835267336286328,
            0.6886591115184816,
            0.8022968851567587
        ],
        [
            0.2207486341694501,
            0.0,
            0.16989511355392126,
            0.3146856263927629,
            0.47081468136378835,
            0.3720918417346202,
            0.5576619686246362,
            0.6814723727658536,
            0.8219254495988472,
            0.44402455847779737,
            0.6159207010966968,
            0.7442948616973458,
            0.8847042295307502,
            0.45063367905849605,
            0.588000099707471,
            0.722660447811313,
            0.8531023248254395,
            0.4711133125470991,
            0.5650083391108235,
            0.661091505460358,
            0.7622883575077835
        ],
        [
            0.3683433080084015,
            0.16989511355392126,
            0.0,
            0.14976190057317532,
            0.3143673120511283,
            0.24777167174379436,
            0.4191581326727746,
            0.5380229897197708,
            0.6756729738964862,
            0.33798516072034135,
            0.48985212112533943,
            0.6109742542898959,
            0.7468019140400525,
            0.37993284184918136,
            0.4844628709746698,
            0.6071021411713102,
            0.7280227503290417,
            0.42887168156545274,
            0.49418870327466863,
            0.575570638859548,
            0.6624177152221664
        ],
        [
            0.48946572637093844,
            0.3146856263927629,
            0.14976190057317532,
            0.0,
            0.16927052825326133,
            0.17798550692063064,
            0.30467292688642855,
            0.4126123365331967,
            0.5461096922097514,
            0.25491465147236175,
            0.3728452795500423,
            0.48425284880929104,
            0.6163438696550207,
            0.322855852679533,
            0.38325795608252583,
            0.48934965588641166,
            0.600729416618756,
            0.3930180839206078,
            0.4233997480108324,
            0.4850752983159915,
            0.5550500976570631
        ],
        [
            0.6176908081080003,
            0.47081468136378835,
            0.3143673120511283,
            0.16927052825326133,
            0.0,
            0.24808835386946787,
            0.2684420471721047,
            0.3375608292017567,
            0.4540529511703054,
            0.25027426076243375,
            0.29489378822173123,
            0.3820305600556915,
            0.5068922565308989,
            0.30810792050907804,
            0.30200282257640576,
            0.3759655310897003,
            0.4748271684129801,
            0.3779788829830892,
            0.3596132617264306,
            0.38806521309429315,
            0.4327534330137856
        ],
        [
            0.5186356977844809,
            0.3720918417346202,
            0.24777167174379436,
            0.17798550692063064,
            0.24808835386946787,
            0.0,
            0.1872809925748385,
            0.31242833244256474,
            0.45317097805336654,
            0.14385091609493506,
            0.26590371985793243,
            0.3856926355568146,
            0.5191131609723714,
            0.27302655399101045,
            0.3125864469887188,
            0.4156380766375212,
            0.5216827362803356,
            0.38225767073450184,
            0.40575946054270706,
            0.4628001217930314,
            0.5256421436010247
        ],
        [
            0.6997006379439494,
            0.5576619686246362,
            0.4191581326727746,
            0.30467292688642855,
            0.2684420471721047,
            0.1872809925748385,
            0.0,
            0.12534614217849377,
            0.26596163683547525,
            0.19596965270726296,
            0.14408787398015466,
            0.22220912461098438,
            0.3401428024848842,
            0.3413772625603583,
            0.27945245651655454,
            0.31811596477347087,
            0.3831168741992821,
            0.46191241139680755,
            0.436022056737286,
            0.4514033782261516,
            0.4724587389414815
        ],
        [
            0.8214870604427358,
            0.6814723727658536,
            0.5380229897197708,
            0.4126123365331967,
            0.3375608292017567,
            0.31242833244256474,
            0.12534614217849377,
            0.0,
            0.14134931947871132,
            0.29718475287250085,
            0.15948352950197203,
            0.14483469908762503,
            0.22668573613902787,
            0.42550531269404035,
            0.3182527658961584,
            0.2989597392965134,
            0.3149215440413521,
            0.5414854929413465,
            0.4912826166156296,
            0.47994684662029286,
            0.4699748247672522
        ],
        [
            0.9621741061626395,
            0.8219254495988472,
            0.6756729738964862,
            0.5461096922097514,
            0.4540529511703054,
            0.45317097805336654,
            0.26596163683547525,
            0.14134931947871132,
            0.0,
            0.43167552084150435,
            0.26960977146466786,
            0.17650259947135843,
            0.14184998390451367,
            0.5485096736210111,
            0.41823310640552736,
            0.35305958801296966,
            0.3063504949204987,
            0.6592526793463872,
            0.5934768060274772,
            0.5614967306678091,
            0.5237549871091457
        ],
        [
            0.5419575414199886,
            0.44402455847779737,
            0.33798516072034135,
            0.25491465147236175,
            0.25027426076243375,
            0.14385091609493506,
            0.19596965270726296,
            0.29718475287250085,
            0.43167552084150435,
            0.0,
            0.18067703974632135,
            0.31272750564725404,
            0.4581229885501201,
            0.1529842334364658,
            0.1751335455519123,
            0.2932242721766869,
            0.4160986695641437,
            0.27575710901786055,
            0.27823694501130564,
            0.3293126370749414,
            0.3937265041411229
        ],
        [
            0.7224800617047488,
            0.6159207010966968,
            0.48985212112533943,
            0.3728452795500423,
            0.29489378822173123,
            0.26590371985793243,
            0.14408787398015466,
            0.15948352950197203,
            0.26960977146466786,
            0.18067703974632135,
            0.0,
            0.13205224091392814,
            0.27794538204091795,
            0.28033325964769135,
            0.1622961291857956,
            0.1771195198903347,
            0.25825252359898954,
            0.3934148211661167,
            0.33986790695824565,
            0.33401384056181344,
            0.34171385549370975
        ],
        [
            0.8544314726644963,
            0.7442948616973458,
            0.6109742542898959,
            0.48425284880929104,
            0.3820305600556915,
            0.3856926355568146,
            0.22220912461098438,
            0.14483469908762503,
            0.17650259947135843,
            0.31272750564725404,
            0.13205224091392814,
            0.0,
            0.1471994054627306,
            0.3999649709488794,
            0.2534192284562899,
            0.1801810737817374,
            0.17298176886823552,
            0.5031711541784013,
            0.4291278907301466,
            0.3931517217188601,
            0.3598530454334573
        ],
        [
            1.0,
            0.8847042295307502,
            0.7468019140400525,
            0.6163438696550207,
            0.5068922565308989,
            0.5191131609723714,
            0.3401428024848842,
            0.22668573613902787,
            0.14184998390451367,
            0.4581229885501201,
            0.27794538204091795,
            0.1471994054627306,
            0.0,
            0.544775559625836,
            0.3920276576776773,
            0.28781076120262067,
            0.1954459079059267,
            0.6437794595950985,
            0.5612029400533922,
            0.5095337943091325,
            0.4502359330864801
        ],
        [
            0.4923216478823917,
            0.45063367905849605,
            0.37993284184918136,
            0.322855852679533,
            0.30810792050907804,
            0.27302655399101045,
            0.3413772625603583,
            0.42550531269404035,
            0.5485096736210111,
            0.1529842334364658,
            0.28033325964769135,
            0.3999649709488794,
            0.544775559625836,
            0.0,
            0.16486482807743788,
            0.30506364206441794,
            0.44765816040673934,
            0.12479287750706758,
            0.14975083766004488,
            0.23356442232555727,
            0.33116454801451256
        ],
        [
            0.654081204035452,
            0.588000099707471,
            0.4844628709746698,
            0.38325795608252583,
            0.30200282257640576,
            0.3125864469887188,
            0.27945245651655454,
            0.3182527658961584,
            0.41823310640552736,
            0.1751335455519123,
            0.1622961291857956,
            0.2534192284562899,
            0.3920276576776773,
            0.16486482807743788,
            0.0,
            0.14123825502331547,
            0.2831608815593469,
            0.2518072181112506,
            0.18100021976535022,
            0.18063400071499466,
            0.22312527358069262
        ],
        [
            0.7953105120570314,
            0.722660447811313,
            0.6071021411713102,
            0.48934965588641166,
            0.3759655310897003,
            0.4156380766375212,
            0.31811596477347087,
            0.2989597392965134,
            0.35305958801296966,
            0.2932242721766869,
            0.1771195198903347,
            0.1801810737817374,
            0.28781076120262067,
            0.30506364206441794,
            0.14123825502331547,
            0.0,
            0.14389344871202964,
            0.377382816855357,
            0.2810845624029997,
            0.22370794963632604,
            0.18534951910431288
        ],
        [
            0.9356444827845443,
            0.8531023248254395,
            0.7280227503290417,
            0.600729416618756,
            0.4748271684129801,
            0.5216827362803356,
            0.3831168741992821,
            0.3149215440413521,
            0.3063504949204987,
            0.4160986695641437,
            0.25825252359898954,
            0.17298176886823552,
            0.1954459079059267,
            0.44765816040673934,
            0.2831608815593469,
            0.14389344871202964,
            0.0,
            0.5201223883422956,
            0.4191710347266874,
            0.3461738506357444,
            0.2679742553668922
        ],
        [
            0.4680013130661667,
            0.4711133125470991,
            0.42887168156545274,
            0.3930180839206078,
            0.3779788829830892,
            0.38225767073450184,
            0.46191241139680755,
            0.5414854929413465,
            0.6592526793463872,
            0.27575710901786055,
            0.3934148211661167,
            0.5031711541784013,
            0.6437794595950985,
            0.12479287750706758,
            0.2518072181112506,
            0.377382816855357,
            0.5201223883422956,
            0.0,
            0.1186620843289906,
            0.22359608225271047,
            0.3394685286134686
        ],
        [
            0.5835267336286328,
            0.5650083391108235,
            0.49418870327466863,
            0.4233997480108324,
            0.3596132617264306,
            0.40575946054270706,
            0.436022056737286,
            0.4912826166156296,
            0.5934768060274772,
            0.27823694501130564,
            0.33986790695824565,
            0.4291278907301466,
            0.5612029400533922,
            0.14975083766004488,
            0.18100021976535022,
            0.2810845624029997,
            0.4191710347266874,
            0.1186620843289906,
            0.0,
            0.10540862471196479,
            0.22102572077714383
        ],
        [
            0.6886591115184816,
            0.661091505460358,
            0.575570638859548,
            0.4850752983159915,
            0.38806521309429315,
            0.4628001217930314,
            0.4514033782261516,
            0.47994684662029286,
            0.5614967306678091,
            0.3293126370749414,
            0.33401384056181344,
            0.3931517217188601,
            0.5095337943091325,
            0.23356442232555727,
            0.18063400071499466,
            0.22370794963632604,
            0.3461738506357444,
            0.22359608225271047,
            0.10540862471196479,
            0.0,
            0.11684256771979273
        ],
        [
            0.8022968851567587,
            0.7622883575077835,
            0.6624177152221664,
            0.5550500976570631,
            0.4327534330137856,
            0.5256421436010247,
            0.4724587389414815,
            0.4699748247672522,
            0.5237549871091457,
            0.3937265041411229,
            0.34171385549370975,
            0.3598530454334573,
            0.4502359330864801,
            0.33116454801451256,
            0.22312527358069262,
            0.18534951910431288,
            0.2679742553668922,
            0.3394685286134686,
            0.22102572077714383,
            0.11684256771979273,
            0.0
        ]
    ],
    "6": [
        [
            0.0,
            0.22527457607382245,
            0.391477934637595,
            0.4866010289195949,
            0.509039883766545,
            0.5305185709219324,
            0.7117549739988285,
            0.8333974749351164,
            0.9749966112575936,
            0.5539230672477939,
            0.7304874148511894,
            0.8580056349771846,
            1.0,
            0.5027512910895926,
            0.6698287393562051,
            0.8096346219083687,
            0.9520034870930729,
            0.4776178927215009,
            0.5953165605068798,
            0.6988846770126805,
            0.8083268573437454
        ],
        [
            0.22527457607382245,
            0.0,
            0.1781780742745996,
            0.3088766377953735,
            0.40628365078540224,
            0.3803801988223431,
            0.5632507119588285,
            0.6867808820521252,
            0.8326271340738671,
            0.45337843066890937,
            0.6304881992923685,
            0.7615838439590219,
            0.907782178789542,
            0.4595052425092623,
            0.6148321929298602,
            0.7570521205065189,
            0.9001018212951489,
            0.48018696885435463,
            0.5968526642348375,
            0.7054700789603948,
            0.8165871986494075
        ],
        [
            0.391477934637595,
            0.1781780742745996,
            0.0,
            0.15772411431767472,
            0.31973666309349186,
            0.2629485095217151,
            0.4276758280374804,
            0.5456369132321729,
            0.6901451715837882,
            0.3658628165504484,
            0.5240568440862821,
            0.6504003479723636,
            0.7950145634979822,
            0.41689474249469993,
            0.5438781761261765,
            0.6782715463499385,
            0.8160053812620643,
            0.4702609729853101,
            0.5711710490082686,
            0.6743937549344287,
            0.7799073538289801
        ],
        [
            0.4866010289195949,
            0.3088766377953735,
            0.15772411431767472,
            0.0,
            0.19479847797068517,
            0.20843085333001535,
            0.3340698452591828,
            0.43948681885542495,
            0.5786699513897363,
            0.27975364918231044,
            0.40882794533275135,
            0.5274620138710889,
            0.6706965523795256,
            0.3356714818141419,
            0.4346076016535461,
            0.5598713240991682,
            0.6945425853065295,
            0.39830920713538476,
            0.4783725549203456,
            0.5722699925430823,
            0.6709392917419114
        ],
        [
            0.509039883766545,
            0.40628365078540224,
            0.31973666309349186,
            0.19479847797068517,
            0.0,
            0.3019142678707791,
            0.38974425429134346,
            0.4732486078068266,
            0.5955713391995443,
            0.268243787684426,
            0.3657149303171698,
            0.47167343098098724,
            0.6110667159828777,
            0.2372922048664106,
            0.3298666955526236,
            0.4512639280076493,
            0.5903346685499622,
            0.2572885406657458,
            0.31948958696939134,
            0.40727132306835945,
            0.5056854960744008
        ],
        [
            0.5305185709219324,
            0.3803801988223431,
            0.2629485095217151,
            0.20843085333001535,
            0.3019142678707791,
            0.0,
            0.1851161015562389,
            0.30994688456777264,
            0.4551438571815676,
            0.14697271420205252,
            0.286077473211099,
            0.4112525692470323,
            0.5518655828680198,
            0.27878483380807767,
            0.3467064047815643,
            0.46457459449383287,
            0.5895721133829124,
            0.39034425988561755,
            0.45474635227766746,
            0.5403818520812087,
            0.6297124815126748
        ],
        [
            0.7117549739988285,
            0.5632507119588285,
            0.4276758280374804,
            0.3340698452591828,
            0.38974425429134346,
            0.1851161015562389,
            0.0,
            0.12524188649616397,
            0.2705402482066262,
            0.2043592096614107,
            0.1942643235404499,
            0.2819013758962101,
            0.4054276130867822,
            0.3544825336221951,
            0.3296709741401827,
            0.3976433628455438,
            0.4916387839611901,
            0.4774666060653184,
            0.4994516288416976,
            0.5563729810369484,
            0.6206002556372607
        ],
        [
            0.8333974749351164,
            0.6867808820521252,
            0.5456369132321729,
            0.43948681885542495,
            0.4732486078068266,
            0.30994688456777264,
            0.12524188649616397,
            0.0,
            0.14598750050207074,
            0.302402869265542,
            0.20735059097750283,
            0.2305924394265372,
            0.32192119505317046,
            0.43692581350598686,
            0.3648766485248584,
            0.38776845123367243,
            0.44828967621149823,
            0.5560858183305506,
            0.5539534595335659,
            0.590222523067567,
            0.6348359202107603
        ],
        [
            0.9749966112575936,
            0.8326271340738671,
            0.6901451715837882,
            0.5786699513897363,
            0.5955713391995443,
            0.4551438571815676,
            0.2705402482066262,
            0.14598750050207074,
            0.0,
            0.4321167321517301,
            0.29429137608770156,
            0.24421478886954787,
            0.2617496377988358,
            0.551476483879164,
            0.4451156159699086,
            0.42042408337687387,
            0.43260030343549977,
            0.6648225556084362,
            0.6413835077264275,
            0.6561350387245889,
            0.678100365008771
        ],
        [
            0.5539230672477939,
            0.45337843066890937,
            0.3658628165504484,
            0.27975364918231044,
            0.268243787684426,
            0.14697271420205252,
            0.2043592096614107,
            0.302402869265542,
            0.4321167321517301,
            0.0,
            0.1811907864732259,
            0.31233699296611483,
            0.4568627538378353,
            0.15618571303095694,
            0.2021262237747649,
            0.32747637402248553,
            0.4604819052613871,
            0.28154481857687735,
            0.3229070208216969,
            0.40036304449276705,
            0.4857951691973964
        ],
        [
            0.7304874148511894,
            0.6304881992923685,
            0.5240568440862821,
            0.40882794533275135,
            0.3657149303171698,
            0.286077473211099,
            0.1942643235404499,
            0.20735059097750283,
            0.29429137608770156,
            0.1811907864732259,
            0.0,
            0.13154613535016038,
            0.27734660274828987,
            0.26273142346623557,
            0.15828288144011401,
            0.20352571172334788,
            0.3096419615198303,
            0.373390985316428,
            0.35390415496231525,
            0.3860720753838195,
            0.43543785690393755
        ],
        [
            0.8580056349771846,
            0.7615838439590219,
            0.6504003479723636,
            0.5274620138710889,
            0.47167343098098724,
            0.4112525692470323,
            0.2819013758962101,
            0.2305924394265372,
            0.24421478886954787,
            0.31233699296611483,
            0.13154613535016038,
            0.0,
            0.14696661995796748,
            0.37390735291018107,
            0.22764269521107874,
            0.1762546562052217,
            0.21917746125498766,
            0.46908777929714,
            0.4201351940129121,
            0.41919713325164826,
            0.4353966035204305
        ],
        [
            1.0,
            0.907782178789542,
            0.7950145634979822,
            0.6706965523795256,
            0.6110667159828777,
            0.5518655828680198,
            0.4054276130867822,
            0.32192119505317046,
            0.2617496377988358,
            0.4568627538378353,
            0.27734660274828987,
            0.14696661995796748,
            0.0,
            0.5102731752599801,
            0.351473295207663,
            0.248080348621177,
            0.18904139628559175,
            0.5955955522594427,
            0.5288262642358903,
            0.502438332569207,
            0.48688695175369673
        ],
        [
            0.5027512910895926,
            0.4595052425092623,
            0.41689474249469993,
            0.3356714818141419,
            0.2372922048664106,
            0.27878483380807767,
            0.3544825336221951,
            0.43692581350598686,
            0.551476483879164,
            0.15618571303095694,
            0.26273142346623557,
            0.37390735291018107,
            0.5102731752599801,
            0.0,
            0.16788297204488978,
            0.3091314772582723,
            0.45407272507366886,
            0.12737985771607424,
            0.18093654963240355,
            0.2758193769414957,
            0.3772560211221075
        ],
        [
            0.6698287393562051,
            0.6148321929298602,
            0.5438781761261765,
            0.4346076016535461,
            0.3298666955526236,
            0.3467064047815643,
            0.3296709741401827,
            0.3648766485248584,
            0.4451156159699086,
            0.2021262237747649,
            0.15828288144011401,
            0.22764269521107874,
            0.351473295207663,
            0.16788297204488978,
            0.0,
            0.14304234944962924,
            0.288295635730231,
            0.2455624094486804,
            0.2015212194682905,
            0.23242882617750463,
            0.29553084421088643
        ],
        [
            0.8096346219083687,
            0.7570521205065189,
            0.6782715463499385,
            0.5598713240991682,
            0.4512639280076493,
            0.46457459449383287,
            0.3976433628455438,
            0.38776845123367243,
            0.42042408337687387,
            0.32747637402248553,
            0.20352571172334788,
            0.1762546562052217,
            0.248080348621177,
            0.3091314772582723,
            0.14304234944962924,
            0.0,
            0.14617416421026236,
            0.36700058492548326,
            0.2861581976379099,
            0.25831322180091437,
            0.26331647581696455
        ],
        [
            0.9520034870930729,
            0.9001018212951489,
            0.8160053812620643,
            0.6945425853065295,
            0.5903346685499622,
            0.5895721133829124,
            0.4916387839611901,
            0.44828967621149823,
            0.43260030343549977,
            0.4604819052613871,
            0.3096419615198303,
            0.21917746125498766,
            0.18904139628559175,
