{
    "0": [
        [
            0.0,
            0.3101630534872794,
            0.545467303825189,
            0.7459428508116782,
            1.0,
            0.7277115569015532,
            0.8578816339431666,
            0.8930723045060129,
            0.9257684393249356,
            0.7602641935796152,
            0.8070812234839208,
            0.8409144172301086,
            0.9016277242703225,
            0.6912352758038602,
            0.78334211753867,
            0.8100520129447033,
            0.8450301079029381,
            0.6579454856947303,
            0.7556053283673333,
            0.7741334159600651,
            0.7688875726086992
        ],
        [
            0.3101630534872794,
            0.0,
            0.24474684533066418,
            0.4506535733111676,
            0.710503653991891,
            0.5218270579434281,
            0.6374887532984486,
            0.6702686729172708,
            0.7070711055443194,
            0.6232107400724379,
            0.63966310893946,
            0.6628181150463729,
            0.7221093228222468,
            0.6337339689181996,
            0.6727844879800431,
            0.6796689050559215,
            0.7018395216182483,
            0.663858514172912,
            0.7130009566568046,
            0.7038237100191026,
            0.6774325089457154
        ],
        [
            0.545467303825189,
            0.24474684533066418,
            0.0,
            0.20783649414059727,
            0.473833960425768,
            0.3979119614437954,
            0.5198200596947162,
            0.5754248813104125,
            0.641155675538298,
            0.5638297879806818,
            0.5832490127889016,
            0.6207512984524658,
            0.6985255702583162,
            0.6549169906747868,
            0.6685929017919507,
            0.6837761567439489,
            0.7170459228709408,
            0.7400798835404475,
            0.76027278672291,
            0.7478045842545179,
            0.7260667599184157
        ],
        [
            0.7459428508116782,
            0.4506535733111676,
            0.20783649414059727,
            0.0,
            0.26956798482024513,
            0.35795570092103013,
            0.46189162304434445,
            0.5388413379706657,
            0.6324450588891666,
            0.5569221414127203,
            0.576431142192517,
            0.6266841724170038,
            0.7195714147512707,
            0.705089574553004,
            0.6970667861705988,
            0.7213411312068442,
            0.7670882664466951,
            0.8246137687118387,
            0.8217245395543238,
            0.8093660668642668,
            0.7961891855581607
        ],
        [
            1.0,
            0.710503653991891,
            0.473833960425768,
            0.26956798482024513,
            0.0,
            0.42685576006915793,
            0.4568040337517602,
            0.5444511707411345,
            0.6631320804073034,
            0.6089889835138128,
            0.6131555466895939,
            0.6696700639964577,
            0.772973257233035,
            0.7992139671441841,
            0.7594291173025256,
            0.7897890392209719,
            0.8486252923108201,
            0.9442308226857076,
            0.9114795932597424,
            0.8978662826112115,
            0.8956241107330868
        ],
        [
            0.7277115569015532,
            0.5218270579434281,
            0.3979119614437954,
            0.35795570092103013,
            0.42685576006915793,
            0.0,
            0.2681768741531646,
            0.432655535965233,
            0.6056736471351288,
            0.2026852018308014,
            0.3185575815907737,
            0.46701747758735623,
            0.6492692885796326,
            0.38458146463301246,
            0.42042115442638833,
            0.534291872352724,
            0.6740037526358658,
            0.5382918454335188,
            0.5412627299503802,
            0.5782066904859002,
            0.6318483247416578
        ],
        [
            0.8578816339431666,
            0.6374887532984486,
            0.5198200596947162,
            0.46189162304434445,
            0.4568040337517602,
            0.2681768741531646,
            0.0,
            0.18475882756598278,
            0.3825721002819383,
            0.3075285879031837,
            0.16609798137138673,
            0.251289167660127,
            0.43350249406403035,
            0.4351949712100445,
            0.3181333471394966,
            0.35905781408414034,
            0.48467563231034594,
            0.5587087646004597,
            0.48195680455056433,
            0.45988294982450784,
            0.4848589090838187
        ],
        [
            0.8930723045060129,
            0.6702686729172708,
            0.5754248813104125,
            0.5388413379706657,
            0.5444511707411345,
            0.432655535965233,
            0.18475882756598278,
            0.0,
            0.20198190223216778,
            0.46593143372400664,
            0.2410608294990026,
            0.14868727532793963,
            0.2633443720553073,
            0.537028941335718,
            0.3563462668434233,
            0.2829522459436337,
            0.33884334843060837,
            0.6164068914523682,
            0.5082255446449644,
            0.429390602561715,
            0.3980342672611072
        ],
        [
            0.9257684393249356,
            0.7070711055443194,
            0.641155675538298,
            0.6324450588891666,
            0.6631320804073034,
            0.6056736471351288,
            0.3825721002819383,
            0.20198190223216778,
            0.0,
            0.647764689923583,
            0.41297404715045766,
            0.24008107213303032,
            0.13363152360511618,
            0.6828263281055673,
            0.4872416581815862,
            0.32921762869107507,
            0.24255070549952598,
            0.7229735101209741,
            0.6068571151835227,
            0.48666314817858747,
            0.38822212309765375
        ],
        [
            0.7602641935796152,
            0.6232107400724379,
            0.5638297879806818,
            0.5569221414127203,
            0.6089889835138128,
            0.2026852018308014,
            0.3075285879031837,
            0.46593143372400664,
            0.647764689923583,
            0.0,
            0.25627100607228304,
            0.44639293334961533,
            0.6559440305890191,
            0.2149921836472848,
            0.2981068719984293,
            0.4738292104933636,
            0.6594449794385916,
            0.38742679399181223,
            0.3940229802617364,
            0.47147408881340924,
            0.5707751551744463
        ],
        [
            0.8070812234839208,
            0.63966310893946,
            0.5832490127889016,
            0.576431142192517,
            0.6131555466895939,
            0.3185575815907737,
            0.16609798137138673,
            0.2410608294990026,
            0.41297404715045766,
            0.25627100607228304,
            0.0,
            0.19507059025823514,
            0.4107020742393015,
            0.30436207272493626,
            0.15212472310361733,
            0.24466678855123683,
            0.42502122309098095,
            0.4072507999615046,
            0.3170394051756288,
            0.3076066611053057,
            0.36877663481737477
        ],
        [
            0.8409144172301086,
            0.6628181150463729,
            0.6207512984524658,
            0.6266841724170038,
            0.6696700639964577,
            0.46701747758735623,
            0.251289167660127,
            0.14868727532793963,
            0.24008107213303032,
            0.44639293334961533,
            0.19507059025823514,
            0.0,
            0.21672640635935234,
            0.45608958220910933,
            0.24857553552087308,
            0.1343903829159458,
            0.24500430297508044,
            0.502562993853813,
            0.38005845240600333,
            0.28405448953532964,
            0.25719950895227006
        ],
        [
            0.9016277242703225,
            0.7221093228222468,
            0.6985255702583162,
            0.7195714147512707,
            0.772973257233035,
            0.6492692885796326,
            0.43350249406403035,
            0.2633443720553073,
            0.13363152360511618,
            0.6559440305890191,
            0.4107020742393015,
            0.21672640635935234,
            0.0,
            0.6484658856686784,
            0.4422239742861234,
            0.2496083357879399,
            0.11561095701192947,
            0.6584820560892733,
            0.5334690488777779,
            0.39595501342183714,
            0.27726811389688305
        ],
        [
            0.6912352758038602,
            0.6337339689181996,
            0.6549169906747868,
            0.705089574553004,
            0.7992139671441841,
            0.38458146463301246,
            0.4351949712100445,
            0.537028941335718,
            0.6828263281055673,
            0.2149921836472848,
            0.30436207272493626,
            0.45608958220910933,
            0.6484658856686784,
            0.0,
            0.22984087519370167,
            0.41973654446290226,
            0.6149909710729409,
            0.17515992108472614,
            0.22540000862547166,
            0.3471532407721366,
            0.47597642926752765
        ],
        [
            0.78334211753867,
            0.6727844879800431,
            0.6685929017919507,
            0.6970667861705988,
            0.7594291173025256,
            0.42042115442638833,
            0.3181333471394966,
            0.3563462668434233,
            0.4872416581815862,
            0.2981068719984293,
            0.15212472310361733,
            0.24857553552087308,
            0.4422239742861234,
            0.22984087519370167,
            0.0,
            0.20746104271698163,
            0.41824997064291675,
            0.28195214128857554,
            0.16684668195964114,
            0.18536437547292575,
            0.3003297673238596
        ],
        [
            0.8100520129447033,
            0.6796689050559215,
            0.6837761567439489,
            0.7213411312068442,
            0.7897890392209719,
            0.534291872352724,
            0.35905781408414034,
            0.2829522459436337,
            0.32921762869107507,
            0.4738292104933636,
            0.24466678855123683,
            0.1343903829159458,
            0.2496083357879399,
            0.41973654446290226,
            0.20746104271698163,
            0.0,
            0.21378278105802445,
            0.420999788843947,
            0.2857430738151984,
            0.1600526208067116,
            0.13884841564672987
        ],
        [
            0.8450301079029381,
            0.7018395216182483,
            0.7170459228709408,
            0.7670882664466951,
            0.8486252923108201,
            0.6740037526358658,
            0.48467563231034594,
            0.33884334843060837,
            0.24255070549952598,
            0.6594449794385916,
            0.42502122309098095,
            0.24500430297508044,
            0.11561095701192947,
            0.6149909710729409,
            0.41824997064291675,
            0.21378278105802445,
            0.0,
            0.5960333361869149,
            0.47543605114359627,
            0.32827424297717556,
            0.18449889970396757
        ],
        [
            0.6579454856947303,
            0.663858514172912,
            0.7400798835404475,
            0.8246137687118387,
            0.9442308226857076,
            0.5382918454335188,
            0.5587087646004597,
            0.6164068914523682,
            0.7229735101209741,
            0.38742679399181223,
            0.4072507999615046,
            0.502562993853813,
            0.6584820560892733,
            0.17515992108472614,
            0.28195214128857554,
            0.420999788843947,
            0.5960333361869149,
            0.0,
            0.1632340205842228,
            0.2948099384661596,
            0.4264514103101266
        ],
        [
            0.7556053283673333,
            0.7130009566568046,
            0.76027278672291,
            0.8217245395543238,
            0.9114795932597424,
            0.5412627299503802,
            0.48195680455056433,
            0.5082255446449644,
            0.6068571151835227,
            0.3940229802617364,
            0.3170394051756288,
            0.38005845240600333,
            0.5334690488777779,
            0.22540000862547166,
            0.16684668195964114,
            0.2857430738151984,
            0.47543605114359627,
            0.1632340205842228,
            0.0,
            0.15347607267134833,
            0.30773406848961743
        ],
        [
            0.7741334159600651,
            0.7038237100191026,
            0.7478045842545179,
            0.8093660668642668,
            0.8978662826112115,
            0.5782066904859002,
            0.45988294982450784,
            0.429390602561715,
            0.48666314817858747,
            0.47147408881340924,
            0.3076066611053057,
            0.28405448953532964,
            0.39595501342183714,
            0.3471532407721366,
            0.18536437547292575,
            0.1600526208067116,
            0.32827424297717556,
            0.2948099384661596,
            0.15347607267134833,
            0.0,
            0.1592054415607453
        ],
        [
            0.7688875726086992,
            0.6774325089457154,
            0.7260667599184157,
            0.7961891855581607,
            0.8956241107330868,
            0.6318483247416578,
            0.4848589090838187,
            0.3980342672611072,
            0.38822212309765375,
            0.5707751551744463,
            0.36877663481737477,
            0.25719950895227006,
            0.27726811389688305,
            0.47597642926752765,
            0.3003297673238596,
            0.13884841564672987,
            0.18449889970396757,
            0.4264514103101266,
            0.30773406848961743,
            0.1592054415607453,
            0.0
        ]
    ],
    "1": [
        [
            0.0,
            0.22051208244789652,
            0.3789491897620981,
            0.5194996722644071,
            0.7091922559134475,
            0.5181883060531776,
            0.6923749310468508,
            0.814035182249824,
            0.9569018305252189,
            0.5416460355873977,
            0.7194197038779713,
            0.8513044168244099,
            1.0,
            0.49230282698364297,
            0.6538345057431236,
            0.7958230263682103,
            0.9387740577187426,
            0.4683648212274573,
            0.5811049314965765,
            0.6868893833697525,
            0.8097937393574661
        ],
        [
            0.22051208244789652,
            0.0,
            0.1761243312008351,
            0.3291236448243692,
            0.5251787936374896,
            0.372102537667318,
            0.5573056416358645,
            0.6830634336871226,
            0.8287012529115515,
            0.4441036627695624,
            0.6180426600912617,
            0.7484159038264252,
            0.8933543021685663,
            0.45085708573958133,
            0.5874293343681604,
            0.7205497175820411,
            0.8533139333829922,
            0.4715526724043415,
            0.5614966783521558,
            0.6547997614470467,
            0.7630495906205332
        ],
        [
            0.3789491897620981,
            0.1761243312008351,
            0.0,
            0.15408471081638903,
            0.35034882479502916,
            0.2291395409654459,
            0.411365276545509,
            0.5361547774936313,
            0.6798626896062366,
            0.3402905415124209,
            0.49794816266693365,
            0.6222000215490907,
            0.7597219177960006,
            0.4029863176261788,
            0.5011319495395292,
            0.6186034377788313,
            0.7375221155007446,
            0.466064488929963,
            0.5230018435516935,
            0.5962705081117868,
            0.6852208060763496
        ],
        [
            0.5194996722644071,
            0.3291236448243692,
            0.15408471081638903,
            0.0,
            0.19719685765221612,
            0.14507295456376557,
            0.29375988588686414,
            0.4118935328707062,
            0.5499348448850058,
            0.28715671115807145,
            0.4078032389388063,
            0.5192730332839458,
            0.6449342293428416,
            0.40133851465876086,
            0.4491702443953056,
            0.542337048796111,
            0.642048881136287,
            0.49570495312994955,
            0.5176869659609338,
            0.5661282537619038,
            0.6311699508753338
        ],
        [
            0.7091922559134475,
            0.5251787936374896,
            0.35034882479502916,
            0.19719685765221612,
            0.0,
            0.22349354755701922,
            0.21728069776445133,
            0.2905445561523538,
            0.40348880455870184,
            0.32764457577197,
            0.3554755671288671,
            0.4263763956396875,
            0.5208537074845531,
            0.4734230731402168,
            0.4491824656610764,
            0.4921500848619933,
            0.5514871143565544,
            0.5863165811248282,
            0.5671895461978156,
            0.5791922996521341,
            0.6047445461200373
        ],
        [
            0.5181883060531776,
            0.372102537667318,
            0.2291395409654459,
            0.14507295456376557,
            0.22349354755701922,
            0.0,
            0.1887778196796627,
            0.31590747138882946,
            0.4606228115234031,
            0.14375719396750125,
            0.27838466251915395,
            0.40122836306085063,
            0.5374966022765368,
            0.2727658251719975,
            0.3094683968475687,
            0.40920441898624993,
            0.5190037965277383,
            0.38191716822934696,
            0.3870184218440151,
            0.42925948782642703,
            0.4948900589172731
        ],
        [
            0.6923749310468508,
            0.5573056416358645,
            0.411365276545509,
            0.29375988588686414,
            0.21728069776445133,
            0.1887778196796627,
            0.0,
            0.12715496221975697,
            0.2721681391844304,
            0.17580799983477943,
            0.1399305457379824,
            0.2300127066677357,
            0.35401450604266277,
            0.31637080997620587,
            0.24471160283371526,
            0.2791858057958915,
            0.3548313652953403,
            0.4360215670870705,
            0.38541884259914894,
            0.37685000846168976,
            0.39320877655050557
        ],
        [
            0.814035182249824,
            0.6830634336871226,
            0.5361547774936313,
            0.4118935328707062,
            0.2905445561523538,
            0.31590747138882946,
            0.12715496221975697,
            0.0,
            0.14567628976687677,
            0.2804345233290403,
            0.14610087022935056,
            0.1443852184966835,
            0.23627447117927752,
            0.39851899611877567,
            0.2775131067375824,
            0.2427446709360365,
            0.26540211940042285,
            0.5115329679047257,
            0.43529505219872483,
            0.39416833390627587,
            0.368163789083606
        ],
        [
            0.9569018305252189,
            0.8287012529115515,
            0.6798626896062366,
            0.5499348448850058,
            0.40348880455870184,
            0.4606228115234031,
            0.2721681391844304,
            0.14567628976687677,
            0.0,
            0.41823434707296747,
            0.256981010866059,
            0.1657331565203559,
            0.13809898681162897,
            0.5213920868009001,
            0.377137697736203,
            0.28838056132493334,
            0.22898671801372072,
            0.6270502799524359,
            0.534627572513916,
            0.4693700865369044,
            0.4043412607047456
        ],
        [
            0.5416460355873977,
            0.4441036627695624,
            0.3402905415124209,
            0.28715671115807145,
            0.32764457577197,
            0.14375719396750125,
            0.17580799983477943,
            0.2804345233290403,
            0.41823434707296747,
            0.0,
            0.18138331615621806,
            0.3146042096810603,
            0.46135260823002266,
            0.15275048084659887,
            0.17198086617114247,
            0.28908638030996886,
            0.41647548728598616,
            0.27535201157212635,
            0.2543438883935193,
            0.28945292847365445,
            0.3608240199431198
        ],
        [
            0.7194197038779713,
            0.6180426600912617,
            0.49794816266693365,
            0.4078032389388063,
            0.3554755671288671,
            0.27838466251915395,
            0.1399305457379824,
            0.14610087022935056,
            0.256981010866059,
            0.18138331615621806,
            0.0,
            0.1332409848988419,
            0.2809158487835226,
            0.2644911097143722,
            0.13154888406514348,
            0.14089594461184185,
            0.24158390887951495,
            0.37224451884822296,
            0.29027918804810765,
            0.2535825628446893,
            0.25435639104543056
        ],
        [
            0.8513044168244099,
            0.7484159038264252,
            0.6222000215490907,
            0.5192730332839458,
            0.4263763956396875,
            0.40122836306085063,
            0.2300127066677357,
            0.1443852184966835,
            0.1657331565203559,
            0.3146042096810603,
            0.1332409848988419,
            0.0,
            0.14920500877131196,
            0.3828816004064726,
            0.22483665757058824,
            0.12350855671450033,
            0.12595270347424362,
            0.47702951817397066,
            0.3760508879150752,
            0.3044599031602433,
            0.2433312084608367
        ],
        [
            1.0,
            0.8933543021685663,
            0.7597219177960006,
            0.6449342293428416,
            0.5208537074845531,
            0.5374966022765368,
            0.35401450604266277,
            0.23627447117927752,
            0.13809898681162897,
            0.46135260823002266,
            0.2809158487835226,
            0.14920500877131196,
            0.0,
            0.529021516459766,
            0.366901445707711,
            0.23964164817427938,
            0.12056850073481468,
            0.6173646694236287,
            0.5090536554629275,
            0.4225025794224033,
            0.327283955931899
        ],
        [
            0.49230282698364297,
            0.45085708573958133,
            0.4029863176261788,
            0.40133851465876086,
            0.4734230731402168,
            0.2727658251719975,
            0.31637080997620587,
            0.39851899611877567,
            0.5213920868009001,
            0.15275048084659887,
            0.2644911097143722,
            0.3828816004064726,
            0.529021516459766,
            0.0,
            0.16529242350093384,
            0.30682894956843354,
            0.4521447027866255,
            0.12459527423188375,
            0.12781461604201083,
            0.2093648031724364,
            0.32216515933004636
        ],
        [
            0.6538345057431236,
            0.5874293343681604,
            0.5011319495395292,
            0.4491702443953056,
            0.4491824656610764,
            0.3094683968475687,
            0.24471160283371526,
            0.2775131067375824,
            0.377137697736203,
            0.17198086617114247,
            0.13154888406514348,
            0.22483665757058824,
            0.366901445707711,
            0.16529242350093384,
            0.0,
            0.1421907684521928,
            0.2869574463080005,
            0.2539439550602812,
            0.16037423236900347,
            0.1339093296798615,
            0.18912200088485778
        ],
        [
            0.7958230263682103,
            0.7205497175820411,
            0.6186034377788313,
            0.542337048796111,
            0.4921500848619933,
            0.40920441898624993,
            0.2791858057958915,
            0.2427446709360365,
            0.28838056132493334,
            0.28908638030996886,
            0.14089594461184185,
            0.12350855671450033,
            0.23964164817427938,
            0.30682894956843354,
            0.1421907684521928,
            0.0,
            0.14594577748779394,
            0.38198269372568755,
            0.27010940096158026,
            0.18545795132790974,
            0.12627545766691284
        ],
        [
            0.9387740577187426,
            0.8533139333829922,
            0.7375221155007446,
            0.642048881136287,
            0.5514871143565544,
            0.5190037965277383,
            0.3548313652953403,
            0.26540211940042285,
            0.22898671801372072,
            0.41647548728598616,
            0.24158390887951495,
            0.12595270347424362,
            0.12056850073481468,
            0.4521447027866255,
            0.2869574463080005,
            0.14594577748779394,
            0.0,
            0.5262205172814054,
            0.41120871555597993,
            0.31555177695634073,
            0.21004517485636715
        ],
        [
            0.4683648212274573,
            0.4715526724043415,
            0.466064488929963,
            0.49570495312994955,
            0.5863165811248282,
            0.38191716822934696,
            0.4360215670870705,
            0.5115329679047257,
            0.6270502799524359,
            0.27535201157212635,
            0.37224451884822296,
            0.47702951817397066,
            0.6173646694236287,
            0.12459527423188375,
            0.2539439550602812,
            0.38198269372568755,
            0.5262205172814054,
            0.0,
            0.1209569319562266,
            0.22955901526469663,
            0.3568724031842972
        ],
        [
            0.5811049314965765,
            0.5614966783521558,
            0.5230018435516935,
            0.5176869659609338,
            0.5671895461978156,
            0.3870184218440151,
            0.38541884259914894,
            0.43529505219872483,
            0.534627572513916,
            0.2543438883935193,
            0.29027918804810765,
            0.3760508879150752,
            0.5090536554629275,
            0.12781461604201083,
            0.16037423236900347,
            0.27010940096158026,
            0.41120871555597993,
            0.1209569319562266,
            0.0,
            0.10876622112328924,
            0.23608029052793003
        ],
        [
            0.6868893833697525,
            0.6547997614470467,
            0.5962705081117868,
            0.5661282537619038,
            0.5791922996521341,
            0.42925948782642703,
            0.37685000846168976,
            0.39416833390627587,
            0.4693700865369044,
            0.28945292847365445,
            0.2535825628446893,
            0.3044599031602433,
            0.4225025794224033,
            0.2093648031724364,
            0.1339093296798615,
            0.18545795132790974,
            0.31555177695634073,
            0.22955901526469663,
            0.10876622112328924,
            0.0,
            0.12778675553704136
        ],
        [
            0.8097937393574661,
            0.7630495906205332,
            0.6852208060763496,
            0.6311699508753338,
            0.6047445461200373,
            0.4948900589172731,
            0.39320877655050557,
            0.368163789083606,
            0.4043412607047456,
            0.3608240199431198,
            0.25435639104543056,
            0.2433312084608367,
            0.327283955931899,
            0.32216515933004636,
            0.18912200088485778,
            0.12627545766691284,
            0.21004517485636715,
            0.3568724031842972,
            0.23608029052793003,
            0.12778675553704136,
            0.0
        ]
    ],
    "2": [
        [
            0.0,
            0.2485406231180654,
            0.4434745835173388,
            0.6102560684727478,
            0.8250717246532887,
            0.5851400807321242,
            0.7594027039422673,
            0.8630486730289441,
            0.9830089358740175,
            0.6115257067881773,
            0.7657527772495002,
            0.8734070533235518,
            1.0,
            0.5554770663386261,
            0.7096143744841992,
            0.8284036126042965,
            0.9460526395338844,
            0.5279639019272349,
            0.6374028601098122,
            0.7289303343919968,
            0.8169154697254886
        ],
        [
            0.2485406231180654,
            0.0,
            0.19604075979845045,
            0.3657752784395972,
            0.5845072156749025,
            0.4200215719423827,
            0.5955001761974705,
            0.6991899778675712,
            0.8207452881212457,
            0.5010504417089754,
            0.6390657689498273,
            0.7392849806964302,
            0.8600175835306112,
            0.5081937164873144,
            0.6231388821438361,
            0.7248505819619686,
            0.8277502687116057,
            0.5311898779112978,
            0.6023431027312948,
            0.670153439267125,
            0.7365433487589588
        ],
        [
            0.4434745835173388,
            0.19604075979845045,
            0.0,
            0.17156600364522956,
            0.39226593648030683,
            0.3368930450370373,
            0.49240585852286184,
            0.5906456820283469,
            0.7099994113154492,
            0.46471370798845973,
            0.5725124153207934,
            0.6601415135995525,
            0.7711809523835372,
            0.5297271454308311,
            0.5975717425366859,
            0.6771026539785949,
            0.7623477934918456,
            0.590583992881279,
            0.6248815223606677,
            0.6679409514206395,
            0.7120792686430425
        ],
        [
            0.6102560684727478,
            0.3657752784395972,
            0.17156600364522956,
            0.0,
            0.22159185669411394,
            0.3152111463198304,
            0.4226725522556675,
            0.5084772222318101,
            0.621500121670568,
            0.4655618380731012,
            0.5341085547791589,
            0.6051660286329636,
            0.7036720727030633,
            0.5735196722211585,
            0.5963855587625569,
            0.6521992016502474,
            0.7190133069492227,
            0.6601125049095317,
            0.6640299882073856,
            0.6851413013000113,
            0.7092598590747132
        ],
        [
            0.8250717246532887,
            0.5845072156749025,
            0.39226593648030683,
            0.22159185669411394,
            0.0,
            0.39972873000487735,
            0.4250155620890472,
            0.481971192745804,
            0.5759026565548363,
            0.5443636294446046,
            0.5630156631098631,
            0.6083483364570764,
            0.6842891815789693,
            0.6876024981602677,
            0.6643329481457267,
            0.6910469680788656,
            0.7328196848826608,
            0.7958227052177219,
            0.7716502724270621,
            0.7707939538478431,
            0.7735574400609878
        ],
        [
            0.5851400807321242,
            0.4200215719423827,
            0.3368930450370373,
            0.3152111463198304,
            0.39972873000487735,
            0.0,
            0.21077967898603864,
            0.34568524970949377,
            0.4973510900151545,
            0.16210986277956063,
            0.294186668713343,
            0.4198328523010022,
            0.5664932784782813,
            0.30753596884607365,
            0.3465134606275218,
            0.4508115057195064,
            0.5693017060080584,
            0.4306988429700506,
            0.43231730376569727,
            0.47557472952845936,
            0.5335132434096974
        ],
        [
            0.7594027039422673,
            0.5955001761974705,
            0.49240585852286184,
            0.4226725522556675,
            0.4250155620890472,
            0.21077967898603864,
            0.0,
            0.13941130967832976,
            0.2949928433500835,
            0.20837456785198738,
            0.14572535876694137,
            0.2356038278264087,
            0.37530153101098696,
            0.3469896668308347,
            0.2659923175404428,
            0.3077729258889071,
            0.4016325264420676,
            0.4693506899211929,
            0.40862170383882973,
            0.40055140554399943,
            0.4202581103067712
        ],
        [
            0.8630486730289441,
            0.6991899778675712,
            0.5906456820283469,
            0.5084772222318101,
            0.481971192745804,
            0.34568524970949377,
            0.13941130967832976,
            0.0,
            0.15582182889620397,
            0.32250755813322485,
            0.16019143899359986,
            0.13910350805409544,
            0.24625819342404756,
            0.42432610657409287,
            0.28552967478413555,
            0.24987052219315464,
            0.2959738787573338,
            0.5270882002859999,
            0.43525008734878967,
            0.3877835291168205,
            0.36735457870019417
        ],
        [
            0.9830089358740175,
            0.8207452881212457,
            0.7099994113154492,
            0.621500121670568,
            0.5759026565548363,
            0.4973510900151545,
            0.2949928433500835,
            0.15582182889620397,
            0.0,
            0.4660164378897232,
            0.27679407668074635,
            0.15678618458678284,
            0.1268110880026391,
            0.5390206334954426,
            0.37210537483987577,
            0.26628136582213696,
            0.22123262867794177,
            0.6195938954663808,
            0.5071986813317693,
            0.4263283203606252,
            0.36127055628541405
        ],
        [
            0.6115257067881773,
            0.5010504417089754,
            0.46471370798845973,
            0.4655618380731012,
            0.5443636294446046,
            0.16210986277956063,
            0.20837456785198738,
            0.32250755813322485,
            0.4660164378897232,
            0.0,
            0.20227885304111642,
            0.3477559255219959,
            0.5078281678260103,
            0.1723274955572471,
            0.21415310713864172,
            0.34885505985466825,
            0.4924373251075109,
            0.3107144936983232,
            0.30067864350015616,
            0.35463383659221626,
            0.43208783417627294
        ],
        [
            0.7657527772495002,
            0.6390657689498273,
            0.5725124153207934,
            0.5341085547791589,
            0.5630156631098631,
            0.294186668713343,
            0.14572535876694137,
            0.16019143899359986,
            0.27679407668074635,
            0.20227885304111642,
            0.0,
            0.1473566465762932,
            0.308906706980439,
            0.27338842964134,
            0.13500417424364414,
            0.1785727990623389,
            0.30513500770846996,
            0.3787913100521517,
            0.2916291521689012,
            0.27021418497963756,
            0.2967765895387237
        ],
        [
            0.8734070533235518,
            0.7392849806964302,
            0.6601415135995525,
            0.6051660286329636,
            0.6083483364570764,
            0.4198328523010022,
            0.2356038278264087,
            0.13910350805409544,
            0.15678618458678284,
            0.3477559255219959,
            0.1473566465762932,
            0.0,
            0.1616910370117822,
            0.3932922867027392,
            0.21811790228782943,
            0.12243894401993961,
            0.17478735853800484,
            0.469484834760815,
            0.3548883219031651,
            0.2812223204355219,
            0.2435077620865715
        ],
        [
            1.0,
            0.8600175835306112,
            0.7711809523835372,
            0.7036720727030633,
            0.6842891815789693,
            0.5664932784782813,
            0.37530153101098696,
            0.24625819342404756,
            0.1268110880026391,
            0.5078281678260103,
            0.308906706980439,
            0.1616910370117822,
            0.0,
            0.5412730755830518,
            0.3616572340276826,
            0.21777732692154422,
            0.11113047925810562,
            0.596650919377448,
            0.4715696581305593,
            0.37046950589935973,
            0.2805815012548515
        ],
        [
            0.5554770663386261,
            0.5081937164873144,
            0.5297271454308311,
            0.5735196722211585,
            0.6876024981602677,
            0.30753596884607365,
            0.3469896668308347,
            0.42432610657409287,
            0.5390206334954426,
            0.1723274955572471,
            0.27338842964134,
            0.3932922867027392,
            0.5412730755830518,
            0.0,
            0.18451333135978054,
            0.3370938453588768,
            0.49050849064974616,
            0.14061039736234868,
            0.16450398576144806,
            0.26264350568241157,
            0.37273318538345573
        ],
        [
            0.7096143744841992,
            0.6231388821438361,
            0.5975717425366859,
            0.5963855587625569,
            0.6643329481457267,
            0.3465134606275218,
            0.2659923175404428,
            0.28552967478413555,
            0.37210537483987577,
            0.21415310713864172,
            0.13500417424364414,
            0.21811790228782943,
            0.3616572340276826,
            0.18451333135978054,
            0.0,
            0.1573297721739314,
            0.3145756164331154,
            0.2594425278509345,
            0.15930451094861192,
            0.15669119487616553,
            0.22983844360747527
        ],
        [
            0.8284036126042965,
            0.7248505819619686,
            0.6771026539785949,
            0.6521992016502474,
            0.6910469680788656,
            0.4508115057195064,
            0.3077729258889071,
            0.24987052219315464,
            0.26628136582213696,
            0.34885505985466825,
            0.1785727990623389,
            0.12243894401993961,
            0.21777732692154422,
            0.3370938453588768,
            0.1573297721739314,
            0.0,
            0.15828977680617917,
            0.38287195423103154,
            0.2560887070719234,
            0.16507227106090883,
            0.13317614234532898
        ],
        [
            0.9460526395338844,
            0.8277502687116057,
            0.7623477934918456,
            0.7190133069492227,
            0.7328196848826608,
            0.5693017060080584,
            0.4016325264420676,
            0.2959738787573338,
            0.22123262867794177,
            0.4924373251075109,
            0.30513500770846996,
            0.17478735853800484,
            0.11113047925810562,
            0.49050849064974616,
