{
 "5": [
  [
   0.0,
   0.238883396626468,
   0.41064178804610524,
   0.5667936112195878,
   0.757230843766237,
   0.5616272661410668,
   0.7448661033292265,
   0.8564492845784777,
   1.0,
   0.5870976119159049,
   0.6041326804926628,
   0.4978846304172438,
   0.3611030838239286,
   0.5335872544571754,
   0.5584881639523803,
   0.42509798795619974,
   0.3014996006762439,
   0.5074338861241314,
   0.5344381484880835,
   0.4260742273299968,
   0.3394724702660816
  ],
  [
   0.238883396626468,
   0.0,
   0.19090923366595117,
   0.35818955896792387,
   0.5640474210184698,
   0.4029246553371844,
   0.5842374547514624,
   0.6937971928823133,
   0.8348007832403712,
   0.4809657462854847,
   0.4631506007204099,
   0.3502875403694147,
   0.1991240106811447,
   0.4882892387367038,
   0.4620168155079479,
   0.33045215986045706,
   0.21211323457436423,
   0.5106531987647063,
   0.4914634097583916,
   0.3930772744706564,
   0.3457338656717339
  ],
  [
   0.41064178804610524,
   0.19090923366595117,
   0.0,
   0.16781195829609094,
   0.37794716096790215,
   0.30919993188169526,
   0.4500903334031827,
   0.5418469102235504,
   0.6731201742116387,
   0.40635636605385256,
   0.3290457670831471,
   0.21621144333998332,
   0.12364363871810714,
   0.447411427987519,
   0.3630585130871491,
   0.25778111327974884,
   0.22073774630520343,
   0.4933335197950719,
   0.4315200863957729,
   0.35912446886687793,
   0.36504730074696456
  ],
  [
   0.5667936112195878,
   0.35818955896792387,
   0.16781195829609094,
   0.0,
   0.21567534449744327,
   0.3130858288164233,
   0.37501714918001244,
   0.4326994505412961,
   0.5449710474662964,
   0.40403661208750263,
   0.26398785760936067,
   0.18595088289585404,
   0.22483260240657602,
   0.4661923186235575,
   0.3332773897710005,
   0.2840898218136146,
   0.3267622438537972,
   0.5239972604491334,
   0.4298709172965978,
   0.39353659904386556,
   0.44158641324830056
  ],
  [
   0.757230843766237,
   0.5640474210184698,
   0.37794716096790215,
   0.21567534449744327,
   0.0,
   0.46640659933537565,
   0.4330901960144071,
   0.4218648429959338,
   0.4794584036797614,
   0.5244591194019916,
   0.3405452282924676,
   0.31384765786004265,
   0.4159208283846381,
   0.5796031624965332,
   0.41176142927596826,
   0.41297856163616653,
   0.5080729284636305,
   0.6276387382244085,
   0.5076004734269094,
   0.5042402556239411,
   0.587162346588928
  ],
  [
   0.5616272661410668,
   0.4029246553371844,
   0.30919993188169526,
   0.3130858288164233,
   0.46640659933537565,
   0.0,
   0.20269511656525954,
   0.33428053643890254,
   0.4838066205887745,
   0.15577276966906395,
   0.2185881076883095,
   0.265256388005047,
   0.2759012602271042,
   0.29552610892038883,
   0.2887875173517405,
   0.31565909345428966,
   0.29733991989763964,
   0.41383145991779025,
   0.3842054491303263,
   0.3865368852210369,
   0.3820876276608309
  ],
  [
   0.7448661033292265,
   0.5842374547514624,
   0.4500903334031827,
   0.37501714918001244,
   0.4330901960144071,
   0.20269511656525954,
   0.0,
   0.1356928528480479,
   0.28396570597865195,
   0.21186448248831222,
   0.21265965678121357,
   0.33570850647676403,
   0.42234475874309546,
   0.3551966605326515,
   0.3111661288659208,
   0.40951770328143583,
   0.45527759409760316,
   0.47691430315437106,
   0.4219107578166032,
   0.4713500832688633,
   0.5060807502688123
  ],
  [
   0.8564492845784777,
   0.6937971928823133,
   0.5418469102235504,
   0.4326994505412961,
   0.4218648429959338,
   0.33428053643890254,
   0.1356928528480479,
   0.0,
   0.1502726922757898,
   0.32239348793617795,
   0.2723227126408528,
   0.40321001878424134,
   0.5184331775150894,
   0.4372153629537121,
   0.3653929693646667,
   0.4833321030039112,
   0.5585536919876671,
   0.5446613529727502,
   0.4727435751389971,
   0.5396823846455643,
   0.5958655225025475
  ],
  [
   1.0,
   0.8348007832403712,
   0.6731201742116387,
   0.5449710474662964,
   0.4794584036797614,
   0.4838066205887745,
   0.28396570597865195,
   0.1502726922757898,
   0.0,
   0.4659228277113894,
   0.4030397133101222,
   0.5291461808716478,
   0.655772899641529,
   0.5661833722130019,
   0.48620843091054605,
   0.6107716745507666,
   0.6999851476732538,
   0.6630425029220628,
   0.5848201350305245,
   0.6619114895462099,
   0.7293821339068954
  ],
  [
   0.5870976119159049,
   0.4809657462854847,
   0.40635636605385256,
   0.40403661208750263,
   0.5244591194019916,
   0.15577276966906395,
   0.21186448248831222,
   0.32239348793617795,
   0.4659228277113894,
   0.0,
   0.1966062998819367,
   0.2846620646355904,
   0.32929799623775596,
   0.1654961014609872,
   0.21788499792594998,
   0.2992634550711896,
   0.31307699996752353,
   0.29842363280429285,
   0.2893608993708366,
   0.32901161544844537,
   0.3302580833668555
  ],
  [
   0.6041326804926628,
   0.4631506007204099,
   0.3290457670831471,
   0.26398785760936067,
   0.3405452282924676,
   0.2185881076883095,
   0.21265965678121357,
   0.2723227126408528,
   0.4030397133101222,
   0.1966062998819367,
   0.0,
   0.14371000594375052,
   0.2695009045216884,
   0.24880963610424262,
   0.11868966017535362,
   0.21101196524882349,
   0.302812896918881,
   0.33098187920239763,
   0.24098917814409312,
   0.27670928038834364,
   0.3388958059902897
  ],
  [
   0.4978846304172438,
   0.3502875403694147,
   0.21621144333998332,
   0.18595088289585404,
   0.31384765786004265,
   0.265256388005047,
   0.33570850647676403,
   0.40321001878424134,
   0.5291461808716478,
   0.2846620646355904,
   0.14371000594375052,
   0.0,
   0.15278698389320067,
   0.2967329774748865,
   0.15846103840688414,
   0.11279786044895425,
   0.21112440444587174,
   0.3401163219286827,
   0.24486958352761137,
   0.2164597371180899,
   0.27914585062919534
  ],
  [
   0.3611030838239286,
   0.1991240106811447,
   0.12364363871810714,
   0.22483260240657602,
   0.4159208283846381,
   0.2759012602271042,
   0.42234475874309546,
   0.5184331775150894,
   0.655772899641529,
   0.32929799623775596,
   0.2695009045216884,
   0.15278698389320067,
   0.0,
   0.336972366043641,
   0.269675787288297,
   0.14969964755891477,
   0.10553566517091252,
   0.3719327502999538,
   0.32006385910302904,
   0.24235914772627618,
   0.24278292333527302
  ],
  [
   0.5335872544571754,
   0.4882892387367038,
   0.447411427987519,
   0.4661923186235575,
   0.5796031624965332,
   0.29552610892038883,
   0.3551966605326515,
   0.4372153629537121,
   0.5661833722130019,
   0.1654961014609872,
   0.24880963610424262,
   0.2967329774748865,
   0.336972366043641,
   0.0,
   0.17903992453357107,
   0.25174814680380714,
   0.28318258347220665,
   0.13509787992846659,
   0.16979568407114398,
   0.2225216537416075,
   0.2211725672950134
  ],
  [
   0.5584881639523803,
   0.4620168155079479,
   0.3630585130871491,
   0.3332773897710005,
   0.41176142927596826,
   0.2887875173517405,
   0.3111661288659208,
   0.3653929693646667,
   0.48620843091054605,
   0.21788499792594998,
   0.11868966017535362,
   0.15846103840688414,
   0.269675787288297,
   0.17903992453357107,
   0.0,
   0.15355500178919482,
   0.2688575593125585,
   0.2239255208559258,
   0.12236994452714534,
   0.17619534175447593,
   0.25325966019967383
  ],
  [
   0.42509798795619974,
   0.33045215986045706,
   0.25778111327974884,
   0.2840898218136146,
   0.41297856163616653,
   0.31565909345428966,
   0.40951770328143583,
   0.4833321030039112,
   0.6107716745507666,
   0.2992634550711896,
   0.21101196524882349,
   0.11279786044895425,
   0.14969964755891477,
   0.25174814680380714,
   0.15355500178919482,
   0.0,
   0.15041880076776262,
   0.2575786238360062,
   0.17877682283130492,
   0.11048817828142576,
   0.17441514422811177
  ],
  [
   0.3014996006762439,
   0.21211323457436423,
   0.22073774630520343,
   0.3267622438537972,
   0.5080729284636305,
   0.29733991989763964,
   0.45527759409760316,
   0.5585536919876671,
   0.6999851476732538,
   0.31307699996752353,
   0.302812896918881,
   0.21112440444587174,
   0.10553566517091252,
   0.28318258347220665,
   0.2688575593125585,
   0.15041880076776262,
   0.0,
   0.30206366152731895,
   0.2848332739286101,
   0.19686299023312526,
   0.15325410323146998
  ],
  [
   0.5074338861241314,
   0.5106531987647063,
   0.4933335197950719,
   0.5239972604491334,
   0.6276387382244085,
   0.41383145991779025,
   0.47691430315437106,
   0.5446613529727502,
   0.6630425029220628,
   0.29842363280429285,
   0.33098187920239763,
   0.3401163219286827,
   0.3719327502999538,
   0.13509787992846659,
   0.2239255208559258,
   0.2575786238360062,
   0.30206366152731895,
   0.0,
   0.13069636504393475,
   0.17300827178721565,
   0.17644078216983847
  ],
  [
   0.5344381484880835,
   0.4914634097583916,
   0.4315200863957729,
   0.4298709172965978,
   0.5076004734269094,
   0.3842054491303263,
   0.4219107578166032,
   0.4727435751389971,
   0.5848201350305245,
   0.2893608993708366,
   0.24098917814409312,
   0.24486958352761137,
   0.32006385910302904,
   0.16979568407114398,
   0.12236994452714534,
   0.17877682283130492,
   0.2848332739286101,
   0.13069636504393475,
   0.0,
   0.11762641547522562,
   0.20130489111266156
  ],
  [
   0.4260742273299968,
   0.3930772744706564,
   0.35912446886687793,
   0.39353659904386556,
   0.5042402556239411,
   0.3865368852210369,
   0.4713500832688633,
   0.5396823846455643,
   0.6619114895462099,
   0.32901161544844537,
   0.27670928038834364,
   0.2164597371180899,
   0.24235914772627618,
   0.2225216537416075,
   0.17619534175447593,
   0.11048817828142576,
   0.19686299023312526,
   0.17300827178721565,
   0.11762641547522562,
   0.0,
   0.11716832178320823
  ],
  [
   0.3394724702660816,
   0.3457338656717339,
   0.36504730074696456,
   0.44158641324830056,
   0.587162346588928,
   0.3820876276608309,
   0.5060807502688123,
   0.5958655225025475,
   0.7293821339068954,
   0.3302580833668555,
   0.3388958059902897,
   0.27914585062919534,
   0.24278292333527302,
   0.2211725672950134,
   0.25325966019967383,
   0.17441514422811177,
   0.15325410323146998,
   0.17644078216983847,
   0.20130489111266156,
   0.11716832178320823,
   0.0
  ]
 ]
}