{
 "15": [
  [
   0.0,
   0.2657934723930132,
   0.46165726837218063,
   0.6218735138070359,
   0.8220978772379836,
   0.624818631923553,
   0.8067335435024812,
   0.8889458244225567,
   0.9679410102823854,
   0.6537598361082274,
   0.809378973546446,
   0.896694946222782,
   1.0,
   0.5947877813570963,
   0.7562854317176082,
   0.8499505475267758,
   0.938476404743944,
   0.5659401781613314,
   0.6924397872397072,
   0.772442118711357,
   0.8344899806713655
  ],
  [
   0.2657934723930132,
   0.0,
   0.21165398668916907,
   0.3922858448371802,
   0.6064867901369353,
   0.4487480228614271,
   0.6195732080693416,
   0.6940220005218152,
   0.7685225974037966,
   0.5363106009997456,
   0.6615420021871511,
   0.7324458249749021,
   0.8248037801639208,
   0.5450428145971586,
   0.6568891272432626,
   0.7223784297027146,
   0.791190477785282,
   0.5701842303456705,
   0.6572108970652056,
   0.7074517635926642,
   0.7433737143894287
  ],
  [
   0.46165726837218063,
   0.21165398668916907,
   0.0,
   0.18656708001582412,
   0.40659376353000365,
   0.3203328903233135,
   0.44385360472633945,
   0.5020352764857151,
   0.5712718201966147,
   0.4387031902275497,
   0.5107541674871444,
   0.5596904818902971,
   0.6410851867959991,
   0.49569274964303395,
   0.5457142461213568,
   0.5784269645367442,
   0.6284381899383182,
   0.5556451938163552,
   0.5975204954131129,
   0.6161608835911605,
   0.6275516806313808
  ],
  [
   0.6218735138070359,
   0.3922858448371802,
   0.18656708001582412,
   0.0,
   0.23732886164432404,
   0.2631986561605498,
   0.28853624471209616,
   0.3205823112372575,
   0.3890398518430023,
   0.37433706798017624,
   0.37079224023545826,
   0.39178587460053454,
   0.4655731644416797,
   0.46313514631295555,
   0.44291800627222766,
   0.4378468153627968,
   0.4707977899677439,
   0.5452733135128344,
   0.5401360054330342,
   0.5263670534615147,
   0.5145254438437422
  ],
  [
   0.8220978772379836,
   0.6064867901369353,
   0.40659376353000365,
   0.23732886164432404,
   0.0,
   0.43882974773457145,
   0.3200619994966456,
   0.23167975833066914,
   0.1892741462165194,
   0.5018017374031016,
   0.3821220114611881,
   0.30250761192851156,
   0.28360523737115806,
   0.5777036469922605,
   0.47756079310095856,
   0.38476422092406626,
   0.328410922807728,
   0.6461621539688062,
   0.592746522180052,
   0.5259477367995786,
   0.4569962214061398
  ],
  [
   0.624818631923553,
   0.4487480228614271,
   0.3203328903233135,
   0.2631986561605498,
   0.43882974773457145,
   0.0,
   0.2269195066789173,
   0.36345463306551,
   0.509471700771572,
   0.17369864514089212,
   0.2913661362382862,
   0.4090864675393609,
   0.55622965854036,
   0.3292848262766885,
   0.3487345611841882,
   0.43066059645715654,
   0.5445035371005112,
   0.46101092876032895,
   0.46368601758387845,
   0.49436478692760744,
   0.5406201053123999
  ],
  [
   0.8067335435024812,
   0.6195732080693416,
   0.44385360472633945,
   0.28853624471209616,
   0.3200619994966456,
   0.2269195066789173,
   0.0,
   0.1513281489955651,
   0.31505671285884757,
   0.25368026972579133,
   0.14824098459982124,
   0.21218493961130555,
   0.3558688667895636,
   0.39839283247528406,
   0.2895479197696953,
   0.287659967895025,
   0.3714542197373091,
   0.5239993975763746,
   0.4616029650590005,
   0.43389784551568644,
   0.4366264527866762
  ],
  [
   0.8889458244225567,
   0.6940220005218152,
   0.5020352764857151,
   0.3205823112372575,
   0.23167975833066914,
   0.36345463306551,
   0.1513281489955651,
   0.0,
   0.16631004082316395,
   0.38132912574081534,
   0.20419896425442638,
   0.130563327508819,
   0.2157406188839462,
   0.4892750125037863,
   0.34182763360608925,
   0.2559542691066863,
   0.26529073818390836,
   0.5905740945739546,
   0.5067905352739599,
   0.4407381215099707,
   0.39725430944271517
  ],
  [
   0.9679410102823854,
   0.7685225974037966,
   0.5712718201966147,
   0.3890398518430023,
   0.1892741462165194,
   0.509471700771572,
   0.31505671285884757,
   0.16631004082316395,
   0.0,
   0.5301546961927858,
   0.34454056837672203,
   0.20716154262215747,
   0.12235634530372604,
   0.6089376955706615,
   0.45456904723697716,
   0.3195146696088449,
   0.22454194719052148,
   0.6840131734077098,
   0.5934312873034152,
   0.5014148352393827,
   0.41491894351548525
  ],
  [
   0.6537598361082274,
   0.5363106009997456,
   0.4387031902275497,
   0.37433706798017624,
   0.5018017374031016,
   0.17369864514089212,
   0.25368026972579133,
   0.38132912574081534,
   0.5301546961927858,
   0.0,
   0.2184665782877493,
   0.36987104424764955,
   0.538158693718725,
   0.18425965599756972,
   0.2102668505837284,
   0.3432131608068498,
   0.49540334302813716,
   0.332303563598884,
   0.3170481625037988,
   0.3649657725270663,
   0.4419344194551625
  ],
  [
   0.809378973546446,
   0.6615420021871511,
   0.5107541674871444,
   0.37079224023545826,
   0.3821220114611881,
   0.2913661362382862,
   0.14824098459982124,
   0.20419896425442638,
   0.34454056837672203,
   0.2184665782877493,
   0.0,
   0.15866866411384709,
   0.3332137033911371,
   0.31062043149981156,
   0.1532722688168439,
   0.16695968155153673,
   0.3035182140686964,
   0.4249450437054736,
   0.33605490782179487,
   0.3002281202560916,
   0.3186159623826055
  ],
  [
   0.896694946222782,
   0.7324458249749021,
   0.5596904818902971,
   0.39178587460053454,
   0.30250761192851156,
   0.4090864675393609,
   0.21218493961130555,
   0.130563327508819,
   0.20716154262215747,
   0.36987104424764955,
   0.15866866411384709,
   0.0,
   0.1750115730974458,
   0.43706758193735123,
   0.2598353993587755,
   0.13576668640871653,
   0.16946950649928355,
   0.5219990431344925,
   0.41645176437395465,
   0.33265292255782536,
   0.2831462786943058
  ],
  [
   1.0,
   0.8248037801639208,
   0.6410851867959991,
   0.4655731644416797,
   0.28360523737115806,
   0.55622965854036,
   0.3558688667895636,
   0.2157406188839462,
   0.12235634530372604,
   0.538158693718725,
   0.3332137033911371,
   0.1750115730974458,
   0.0,
   0.5901676703203663,
   0.41654544663697546,
   0.2570337242492487,
   0.12665507964210695,
   0.6516165869914047,
   0.5431394525295111,
   0.43520241583759367,
   0.33533551324969874
  ],
  [
   0.5947877813570963,
   0.5450428145971586,
   0.49569274964303395,
   0.46313514631295555,
   0.5777036469922605,
   0.3292848262766885,
   0.39839283247528406,
   0.4892750125037863,
   0.6089376955706615,
   0.18425965599756972,
   0.31062043149981156,
   0.43706758193735123,
   0.5901676703203663,
   0.0,
   0.19873221312468953,
   0.3530455305367647,
   0.5101361500788039,
   0.1504435997836017,
   0.17078010293662205,
   0.26936394395204466,
   0.38123134028061595
  ],
  [
   0.7562854317176082,
   0.6568891272432626,
   0.5457142461213568,
   0.44291800627222766,
   0.47756079310095856,
   0.3487345611841882,
   0.2895479197696953,
   0.34182763360608925,
   0.45456904723697716,
   0.2102668505837284,
   0.1532722688168439,
   0.2598353993587755,
   0.41654544663697546,
   0.19873221312468953,
   0.0,
   0.16925962959585533,
   0.3403954936141176,
   0.29021973947450447,
   0.18637290208450255,
   0.17578753560820715,
   0.251619870179324
  ],
  [
   0.8499505475267758,
   0.7223784297027146,
   0.5784269645367442,
   0.4378468153627968,
   0.38476422092406626,
   0.43066059645715654,
   0.287659967895025,
   0.2559542691066863,
   0.3195146696088449,
   0.3432131608068498,
   0.16695968155153673,
   0.13576668640871653,
   0.2570337242492487,
   0.3530455305367647,
   0.16925962959585533,
   0.0,
   0.1732361709454355,
   0.4140494204598595,
   0.2943828096747069,
   0.1990776479654792,
   0.1649884458743611
  ],
  [
   0.938476404743944,
   0.791190477785282,
   0.6284381899383182,
   0.4707977899677439,
   0.328410922807728,
   0.5445035371005112,
   0.3714542197373091,
   0.26529073818390836,
   0.22454194719052148,
   0.49540334302813716,
   0.3035182140686964,
   0.16946950649928355,
   0.12665507964210695,
   0.5101361500788039,
   0.3403954936141176,
   0.1732361709454355,
   0.0,
   0.5514150239593959,
   0.43786592349821235,
   0.3213153047207574,
   0.21102771286680244
  ],
  [
   0.5659401781613314,
   0.5701842303456705,
   0.5556451938163552,
   0.5452733135128344,
   0.6461621539688062,
   0.46101092876032895,
   0.5239993975763746,
   0.5905740945739546,
   0.6840131734077098,
   0.332303563598884,
   0.4249450437054736,
   0.5219990431344925,
   0.6516165869914047,
   0.1504435997836017,
   0.29021973947450447,
   0.4140494204598595,
   0.5514150239593959,
   0.0,
   0.14495819018262798,
   0.2623197160926684,
   0.3784835572120572
  ],
  [
   0.6924397872397072,
   0.6572108970652056,
   0.5975204954131129,
   0.5401360054330342,
   0.592746522180052,
   0.46368601758387845,
   0.4616029650590005,
   0.5067905352739599,
   0.5934312873034152,
   0.3170481625037988,
   0.33605490782179487,
   0.41645176437395465,
   0.5431394525295111,
   0.17078010293662205,
   0.18637290208450255,
   0.2943828096747069,
   0.43786592349821235,
   0.14495819018262798,
   0.0,
   0.1294849594443821,
   0.2602020713868278
  ],
  [
   0.772442118711357,
   0.7074517635926642,
   0.6161608835911605,
   0.5263670534615147,
   0.5259477367995786,
   0.49436478692760744,
   0.43389784551568644,
   0.4407381215099707,
   0.5014148352393827,
   0.3649657725270663,
   0.3002281202560916,
   0.33265292255782536,
   0.43520241583759367,
   0.26936394395204466,
   0.17578753560820715,
   0.1990776479654792,
   0.3213153047207574,
   0.2623197160926684,
   0.1294849594443821,
   0.0,
   0.13433648105742746
  ],
  [
   0.8344899806713655,
   0.7433737143894287,
   0.6275516806313808,
   0.5145254438437422,
   0.4569962214061398,
   0.5406201053123999,
   0.4366264527866762,
   0.39725430944271517,
   0.41491894351548525,
   0.4419344194551625,
   0.3186159623826055,
   0.2831462786943058,
   0.33533551324969874,
   0.38123134028061595,
   0.251619870179324,
   0.1649884458743611,
   0.21102771286680244,
   0.3784835572120572,
   0.2602020713868278,
   0.13433648105742746,
   0.0
  ]
 ]
}