{
 "17": [
  [
   0.0,
   0.22954004166558598,
   0.3980366691335536,
   0.5550939871168725,
   0.7497110719766983,
   0.5424613350104432,
   0.7289382249478392,
   0.8459261974885801,
   0.9758567601359354,
   0.5667568491673659,
   0.7393950078246988,
   0.8589728481753396,
   1.0,
   0.5143717357801939,
   0.6670152598321396,
   0.7876683474246168,
   0.9128400249245212,
   0.48833907079423694,
   0.5765053220690757,
   0.6601076698240597,
   0.7560770764534841
  ],
  [
   0.22954004166558598,
   0.0,
   0.18233896334741226,
   0.3415631519543326,
   0.5386015183708037,
   0.38930964284798997,
   0.5746461048842445,
   0.6895313289436897,
   0.8198344103349113,
   0.46384402636505745,
   0.6316633780660122,
   0.746503649813055,
   0.8852488526605521,
   0.4694691138689801,
   0.591097712037147,
   0.6994701108717097,
   0.8136894636931417,
   0.48994233288248334,
   0.5366380461363836,
   0.5997274912396956,
   0.6775687861173483
  ],
  [
   0.3980366691335536,
   0.18233896334741226,
   0.0,
   0.15987988003819112,
   0.3585165882841484,
   0.322692819331381,
   0.47437055729704275,
   0.5722047626807353,
   0.6895596734982765,
   0.4187200438696294,
   0.5531680801806154,
   0.6490770928007074,
   0.77460240164682,
   0.4565841532395407,
   0.530168559578972,
   0.6116806100327652,
   0.7051643245714762,
   0.4974614040036458,
   0.5008089084228787,
   0.5338954687746336,
   0.5855444407163563
  ],
  [
   0.5550939871168725,
   0.3415631519543326,
   0.15987988003819112,
   0.0,
   0.2082231505841596,
   0.3287964757265305,
   0.4197390157243232,
   0.4908964479857044,
   0.5892851393745181,
   0.43250258132873265,
   0.5204318011935304,
   0.5911621727450096,
   0.6981652835358213,
   0.49902092284049354,
   0.5218413328803667,
   0.571223028497212,
   0.6387724756941419,
   0.5561299794738407,
   0.5232989468079495,
   0.5263163961088729,
   0.5480447530725272
  ],
  [
   0.7497110719766983,
   0.5386015183708037,
   0.3585165882841484,
   0.2082231505841596,
   0.0,
   0.49439299064220565,
   0.5184725500945725,
   0.5441175966698272,
   0.5987749784167689,
   0.5898263139598019,
   0.6258256389356196,
   0.657367980017107,
   0.7269521918854684,
   0.6632444833929938,
   0.6425753321236595,
   0.6487215129579925,
   0.671515779367422,
   0.7186203592934383,
   0.6601099324478423,
   0.6310921632268252,
   0.6125887595915671
  ],
  [
   0.5424613350104432,
   0.38930964284798997,
   0.322692819331381,
   0.3287964757265305,
   0.49439299064220565,
   0.0,
   0.19444733990221338,
   0.32117555441817186,
   0.4659997407658305,
   0.14978199564994385,
   0.28971511183586296,
   0.41033020998385233,
   0.5570378024540836,
   0.28385954190062046,
   0.32878385706905616,
   0.4319664485047402,
   0.551523999462084,
   0.39761669626315016,
   0.38106617181465463,
   0.4261151720666342,
   0.49601827493566597
  ],
  [
   0.7289382249478392,
   0.5746461048842445,
   0.47437055729704275,
   0.4197390157243232,
   0.5184725500945725,
   0.19444733990221338,
   0.0,
   0.13004640626183187,
   0.2790914441207079,
   0.20910075435111813,
   0.1889923355492917,
   0.269292676978084,
   0.40068249626427427,
   0.3555558668970474,
   0.30245078655990704,
   0.3530901072340128,
   0.444964473155436,
   0.4772509652214816,
   0.41627078043468435,
   0.42283685600198617,
   0.45904090536888015
  ],
  [
   0.8459261974885801,
   0.6895313289436897,
   0.5722047626807353,
   0.4908964479857044,
   0.5441175966698272,
   0.32117555441817186,
   0.13004640626183187,
   0.0,
   0.1497923826736154,
   0.31362678399154137,
   0.2075974732478839,
   0.21202589736488772,
   0.30599155454798777,
   0.4383231928560205,
   0.3364227861786708,
   0.33306075915415256,
   0.38549805759444655,
   0.5506824339879213,
   0.4672097637169314,
   0.44529767730314646,
   0.45041145034988794
  ],
  [
   0.9758567601359354,
   0.8198344103349113,
   0.6895596734982765,
   0.5892851393745181,
   0.5987749784167689,
   0.4659997407658305,
   0.2790914441207079,
   0.1497923826736154,
   0.0,
   0.4445653738113183,
   0.2972311163872682,
   0.22176038392679892,
   0.22727448801503436,
   0.5461731973221979,
   0.41119135861661105,
   0.3526685959085287,
   0.34526032019803304,
   0.6444895533239721,
   0.5437426185879741,
   0.4948900448662703,
   0.46529878544248554
  ],
  [
   0.5667568491673659,
   0.46384402636505745,
   0.4187200438696294,
   0.43250258132873265,
   0.5898263139598019,
   0.14978199564994385,
   0.20910075435111813,
   0.31362678399154137,
   0.4445653738113183,
   0.0,
   0.1866699078739454,
   0.321406761516639,
   0.47546005232627286,
   0.15915201551455735,
   0.19926755302594115,
   0.3248636087527811,
   0.4631977765829585,
   0.2871290706019882,
   0.2645800436281792,
   0.3212723001241785,
   0.4082639543672681
  ],
  [
   0.7393950078246988,
   0.6316633780660122,
   0.5531680801806154,
   0.5204318011935304,
   0.6258256389356196,
   0.28971511183586296,
   0.1889923355492917,
   0.2075974732478839,
   0.2972311163872682,
   0.1866699078739454,
   0.0,
   0.13732097122568013,
   0.2921961504153926,
   0.2602748122369885,
   0.14485750400701114,
   0.19544154677566783,
   0.31589083283448444,
   0.36662205476728005,
   0.28749314802849274,
   0.2880024831914805,
   0.33451075126732893
  ],
  [
   0.8589728481753396,
   0.746503649813055,
   0.6490770928007074,
   0.5911621727450096,
   0.657367980017107,
   0.41033020998385233,
   0.269292676978084,
   0.21202589736488772,
   0.22176038392679892,
   0.321406761516639,
   0.13732097122568013,
   0.0,
   0.15490534565839587,
   0.3733065645094915,
   0.21684611218008507,
   0.15877000125462196,
   0.21811766888063458,
   0.45723261083883193,
   0.35538660290223334,
   0.31397490584443705,
   0.3123821303068824
  ],
  [
   1.0,
   0.8852488526605521,
   0.77460240164682,
   0.6981652835358213,
   0.7269521918854684,
   0.5570378024540836,
   0.40068249626427427,
   0.30599155454798777,
   0.22727448801503436,
   0.47546005232627286,
   0.2921961504153926,
   0.15490534565839587,
   0.0,
   0.5147676329625237,
   0.34836972001782524,
   0.2360915525310031,
   0.18503331147852078,
   0.5812091905187144,
   0.46954178130850355,
   0.40190502024226005,
   0.35669673389202483
  ],
  [
   0.5143717357801939,
   0.4694691138689801,
   0.4565841532395407,
   0.49902092284049354,
   0.6632444833929938,
   0.28385954190062046,
   0.3555558668970474,
   0.4383231928560205,
   0.5461731973221979,
   0.15915201551455735,
   0.2602748122369885,
   0.3733065645094915,
   0.5147676329625237,
   0.0,
   0.16926915239737586,
   0.3101908613872147,
   0.4569556834834275,
   0.13006416740086477,
   0.14334287494201142,
   0.24037294029441406,
   0.35620736935176944
  ],
  [
   0.6670152598321396,
   0.591097712037147,
   0.530168559578972,
   0.5218413328803667,
   0.6425753321236595,
   0.32878385706905616,
   0.30245078655990704,
   0.3364227861786708,
   0.41119135861661105,
   0.19926755302594115,
   0.14485750400701114,
   0.21684611218008507,
   0.34836972001782524,
   0.16926915239737586,
   0.0,
   0.144988750161314,
   0.2943403414099837,
   0.24053221195047395,
   0.14662314614285937,
   0.15810674029827107,
   0.24051581295644664
  ],
  [
   0.7876683474246168,
   0.6994701108717097,
   0.6116806100327652,
   0.571223028497212,
   0.6487215129579925,
   0.4319664485047402,
   0.3530901072340128,
   0.33306075915415256,
   0.3526685959085287,
   0.3248636087527811,
   0.19544154677566783,
   0.15877000125462196,
   0.2360915525310031,
   0.3101908613872147,
   0.144988750161314,
   0.0,
   0.14986108708644444,
   0.35438302468979577,
   0.23684669299456326,
   0.16783876485090446,
   0.16426469733618682
  ],
  [
   0.9128400249245212,
   0.8136894636931417,
   0.7051643245714762,
   0.6387724756941419,
   0.671515779367422,
   0.551523999462084,
   0.444964473155436,
   0.38549805759444655,
   0.34526032019803304,
   0.4631977765829585,
   0.31589083283448444,
   0.21811766888063458,
   0.18503331147852078,
   0.4569556834834275,
   0.2943403414099837,
   0.14986108708644444,
   0.0,
   0.48861260511553006,
   0.3668703970559245,
   0.27118552137591395,
   0.19016783459269831
  ],
  [
   0.48833907079423694,
   0.48994233288248334,
   0.4974614040036458,
   0.5561299794738407,
   0.7186203592934383,
   0.39761669626315016,
   0.4772509652214816,
   0.5506824339879213,
   0.6444895533239721,
   0.2871290706019882,
   0.36662205476728005,
   0.45723261083883193,
   0.5812091905187144,
   0.13006416740086477,
   0.24053221195047395,
   0.35438302468979577,
   0.48861260511553006,
   0.0,
   0.12331534994234761,
   0.23085484157319622,
   0.3519291815492131
  ],
  [
   0.5765053220690757,
   0.5366380461363836,
   0.5008089084228787,
   0.5232989468079495,
   0.6601099324478423,
   0.38106617181465463,
   0.41627078043468435,
   0.4672097637169314,
   0.5437426185879741,
   0.2645800436281792,
   0.28749314802849274,
   0.35538660290223334,
   0.46954178130850355,
   0.14334287494201142,
   0.14662314614285937,
   0.23684669299456326,
   0.3668703970559245,
   0.12331534994234761,
   0.0,
   0.11115195343342893,
   0.233685715867951
  ],
  [
   0.6601076698240597,
   0.5997274912396956,
   0.5338954687746336,
   0.5263163961088729,
   0.6310921632268252,
   0.4261151720666342,
   0.42283685600198617,
   0.44529767730314646,
   0.4948900448662703,
   0.3212723001241785,
   0.2880024831914805,
   0.31397490584443705,
   0.40190502024226005,
   0.24037294029441406,
   0.15810674029827107,
   0.16783876485090446,
   0.27118552137591395,
   0.23085484157319622,
   0.11115195343342893,
   0.0,
   0.12268258716340975
  ],
  [
   0.7560770764534841,
   0.6775687861173483,
   0.5855444407163563,
   0.5480447530725272,
   0.6125887595915671,
   0.49601827493566597,
   0.45904090536888015,
   0.45041145034988794,
   0.46529878544248554,
   0.4082639543672681,
   0.33451075126732893,
   0.3123821303068824,
   0.35669673389202483,
   0.35620736935176944,
   0.24051581295644664,
   0.16426469733618682,
   0.19016783459269831,
   0.3519291815492131,
   0.233685715867951,
   0.12268258716340975,
   0.0
  ]
 ]
}