{
    "10": [
        [
            0.0,
            0.2506286531167139,
            0.4323316922529165,
            0.5972548761741096,
            0.7656182432829637,
            0.5895398855265537,
            0.7769769862800675,
            0.8844624716323838,
            0.9929632087648923,
            0.6164078639661976,
            0.8013032930018041,
            0.901906202278494,
            1.0,
            0.5603095605339189,
            0.7392548684296066,
            0.870852871351475,
            0.9808980360407784,
            0.5327878224877401,
            0.6549321893149356,
            0.7683263174128656,
            0.8965046380082057
        ],
        [
            0.2506286531167139,
            0.0,
            0.199307325057282,
            0.3735644575099431,
            0.5652630018420655,
            0.42327518061433494,
            0.6234182494910432,
            0.7299340607987035,
            0.8325738720451185,
            0.5052401581410423,
            0.6825567344562526,
            0.7731765753070992,
            0.8555678776523321,
            0.5127146499894049,
            0.6583553786615335,
            0.7731565361231603,
            0.8612071359845479,
            0.5358353810747425,
            0.621182676661968,
            0.7131883416250473,
            0.8183792668059555
        ],
        [
            0.4323316922529165,
            0.199307325057282,
            0.0,
            0.1746301462124489,
            0.37224207579703056,
            0.3536660603782127,
            0.5235218032513619,
            0.6074504035797385,
            0.6876742260947324,
            0.45643955099825473,
            0.5927073210057462,
            0.6555386332964506,
            0.7111212141027669,
            0.49654051262214294,
            0.594838970030078,
            0.6774057254377707,
            0.7354596019373483,
            0.5400322906589263,
            0.5855648019594705,
            0.6495639424778096,
            0.7270112452917515
        ],
        [
            0.5972548761741096,
            0.3735644575099431,
            0.1746301462124489,
            0.0,
            0.20701723067674763,
            0.3718582002391637,
            0.4802329497305698,
            0.5295421876581258,
            0.5776469285404857,
            0.4719362325378527,
            0.5506783366944754,
            0.5774998211399023,
            0.5988487580693715,
            0.5328083481014033,
            0.5778715064118665,
            0.6208222493241088,
            0.6429329377524337,
            0.5871212063266393,
            0.5942200140747217,
            0.6264969295147772,
            0.6711228670935929
        ],
        [
            0.7656182432829637,
            0.5652630018420655,
            0.37224207579703056,
            0.20701723067674763,
            0.0,
            0.4998270598707569,
            0.5281507245041202,
            0.5211988064406521,
            0.5105134214384089,
            0.5629581464169527,
            0.5692577373408103,
            0.5406768172818801,
            0.5055634952686565,
            0.6117193038801467,
            0.6053333897568225,
            0.5943963381244375,
            0.5654322603757485,
            0.6542349160603348,
            0.6265670625677678,
            0.6230173079825642,
            0.6275931724347423
        ],
        [
            0.5895398855265537,
            0.42327518061433494,
            0.3536660603782127,
            0.3718582002391637,
            0.4998270598707569,
            0.0,
            0.21383211785530506,
            0.3441425313095982,
            0.4798582767339433,
            0.16334828884230498,
            0.31490744359180783,
            0.4281181662007763,
            0.5412655752292506,
            0.3096515576206161,
            0.35276298283314506,
            0.45801422672160214,
            0.5526292285869051,
            0.4334664924991775,
            0.4306064514750965,
            0.4751957951100171,
            0.5447918642478011
        ],
        [
            0.7769769862800675,
            0.6234182494910432,
            0.5235218032513619,
            0.4802329497305698,
            0.5281507245041202,
            0.21383211785530506,
            0.0,
            0.14218659562916103,
            0.2947103479502738,
            0.18856064538047376,
            0.15097875671895855,
            0.25003888693646603,
            0.3737954993486529,
            0.33938812160813087,
            0.2582590828755586,
            0.3080463953882566,
            0.38695706684340797,
            0.47111595482617313,
            0.4044791437657214,
            0.393070894861916,
            0.4134684392419857
        ],
        [
            0.8844624716323838,
            0.7299340607987035,
            0.6074504035797385,
            0.5295421876581258,
            0.5211988064406521,
            0.3441425313095982,
            0.14218659562916103,
            0.0,
            0.15620780160069594,
            0.3009752750925641,
            0.14750833849291325,
            0.1433417186271629,
            0.24451022246004586,
            0.412348802687453,
            0.2743353240549839,
            0.2414625491965635,
            0.2710510039349155,
            0.5255929419754868,
            0.4282570008016443,
            0.37579704389931945,
            0.3455064467489607
        ],
        [
            0.9929632087648923,
            0.8325738720451185,
            0.6876742260947324,
            0.5776469285404857,
            0.5105134214384089,
            0.4798582767339433,
            0.2947103479502738,
            0.15620780160069594,
            0.0,
            0.44135390051089346,
            0.26892652265048705,
            0.15580839704940871,
            0.12279956677806855,
            0.5251940111552096,
            0.3713821573245634,
            0.2690932381121895,
            0.19847932431150844,
            0.6161314645356872,
            0.5039502745437744,
            0.4231931947490741,
            0.34291330515221513
        ],
        [
            0.6164078639661976,
            0.5052401581410423,
            0.45643955099825473,
            0.4719362325378527,
            0.5629581464169527,
            0.16334828884230498,
            0.18856064538047376,
            0.3009752750925641,
            0.44135390051089346,
            0.0,
            0.2055246217876145,
            0.3420367001385498,
            0.48318784662111386,
            0.17338999570329008,
            0.20361627388404774,
            0.33717226157529306,
            0.46387363189452885,
            0.3126055000526135,
            0.2890280145117333,
            0.33426439459154567,
            0.4184665626607349
        ],
        [
            0.8013032930018041,
            0.6825567344562526,
            0.5927073210057462,
            0.5506783366944754,
            0.5692577373408103,
            0.31490744359180783,
            0.15097875671895855,
            0.14750833849291325,
            0.26892652265048705,
            0.2055246217876145,
            0.0,
            0.1500432191742286,
            0.307778164074391,
            0.28252738178112946,
            0.13180127297234645,
            0.1658825188492452,
            0.2810036197767196,
            0.39561048973471935,
            0.2968234359049962,
            0.25816646488660017,
            0.27166716081946946
        ],
        [
            0.901906202278494,
            0.7731765753070992,
            0.6555386332964506,
            0.5774998211399023,
            0.5406768172818801,
            0.4281181662007763,
            0.25003888693646603,
            0.1433417186271629,
            0.15580839704940871,
            0.3420367001385498,
            0.1500432191742286,
            0.0,
            0.16210974147117105,
            0.39293933680467447,
            0.22425623478509144,
            0.11687950602424309,
            0.13933281727138286,
            0.47715124955098587,
            0.35724652925422246,
            0.27310661276216336,
            0.20906447230672584
        ],
        [
            1.0,
            0.8555678776523321,
            0.7111212141027669,
            0.5988487580693715,
            0.5055634952686565,
            0.5412655752292506,
            0.3737954993486529,
            0.24451022246004586,
            0.12279956677806855,
            0.48318784662111386,
            0.307778164074391,
            0.16210974147117105,
            0.0,
            0.5284676659859217,
            0.3731179417688113,
            0.23889272592073743,
            0.10863996499834498,
            0.5939792180247743,
            0.474128052218341,
            0.37842448976203086,
            0.27483741482669666
        ],
        [
            0.5603095605339189,
            0.5127146499894049,
            0.49654051262214294,
            0.5328083481014033,
            0.6117193038801467,
            0.3096515576206161,
            0.33938812160813087,
            0.412348802687453,
            0.5251940111552096,
            0.17338999570329008,
            0.28252738178112946,
            0.39293933680467447,
            0.5284676659859217,
            0.0,
            0.1870559484079919,
            0.3366450108495047,
            0.47977501697215197,
            0.14150066472137868,
            0.15133737107810016,
            0.24788895325448101,
            0.37612454224322994
        ],
        [
            0.7392548684296066,
            0.6583553786615335,
            0.594838970030078,
            0.5778715064118665,
            0.6053333897568225,
            0.35276298283314506,
            0.2582590828755586,
            0.2743353240549839,
            0.3713821573245634,
            0.20361627388404774,
            0.13180127297234645,
            0.22425623478509144,
            0.3731179417688113,
            0.1870559484079919,
            0.0,
            0.1603064498488517,
            0.314646533237834,
            0.2782389060313824,
            0.17091274316483815,
            0.15148959586662475,
            0.22667652444094344
        ],
        [
            0.870852871351475,
            0.7731565361231603,
            0.6774057254377707,
            0.6208222493241088,
            0.5943963381244375,
            0.45801422672160214,
            0.3080463953882566,
            0.2414625491965635,
            0.2690932381121895,
            0.33717226157529306,
            0.1658825188492452,
            0.11687950602424309,
            0.23889272592073743,
            0.3366450108495047,
            0.1603064498488517,
            0.0,
            0.16039821264914475,
            0.3991216609654118,
            0.2678355188458837,
            0.16732152176963153,
            0.11007652295713367
        ],
        [
            0.9808980360407784,
            0.8612071359845479,
            0.7354596019373483,
            0.6429329377524337,
            0.5654322603757485,
            0.5526292285869051,
            0.38695706684340797,
            0.2710510039349155,
            0.19847932431150844,
            0.46387363189452885,
            0.2810036197767196,
            0.13933281727138286,
            0.10863996499834498,
            0.47977501697215197,
            0.314646533237834,
            0.16039821264914475,
            0.0,
            0.5324478895586419,
            0.4033582909981222,
            0.2944953835542145,
            0.1734102151678427
        ],
        [
            0.5327878224877401,
            0.5358353810747425,
            0.5400322906589263,
            0.5871212063266393,
            0.6542349160603348,
            0.4334664924991775,
            0.47111595482617313,
            0.5255929419754868,
            0.6161314645356872,
            0.3126055000526135,
            0.39561048973471935,
            0.47715124955098587,
            0.5939792180247743,
            0.14150066472137868,
            0.2782389060313824,
            0.3991216609654118,
            0.5324478895586419,
            0.0,
            0.13671252922086227,
            0.25814544052844696,
            0.40007384516438016
        ],
        [
            0.6549321893149356,
            0.621182676661968,
            0.5855648019594705,
            0.5942200140747217,
            0.6265670625677678,
            0.4306064514750965,
            0.4044791437657214,
            0.4282570008016443,
            0.5039502745437744,
            0.2890280145117333,
            0.2968234359049962,
            0.35724652925422246,
            0.474128052218341,
            0.15133737107810016,
            0.17091274316483815,
            0.2678355188458837,
            0.4033582909981222,
            0.13671252922086227,
            0.0,
            0.12231581645469271,
            0.2649562992989135
        ],
        [
            0.7683263174128656,
            0.7131883416250473,
            0.6495639424778096,
            0.6264969295147772,
            0.6230173079825642,
            0.4751957951100171,
            0.393070894861916,
            0.37579704389931945,
            0.4231931947490741,
            0.33426439459154567,
            0.25816646488660017,
            0.27310661276216336,
            0.37842448976203086,
            0.24788895325448101,
            0.15148959586662475,
            0.16732152176963153,
            0.2944953835542145,
            0.25814544052844696,
            0.12231581645469271,
            0.0,
            0.14341685875766202
        ],
        [
            0.8965046380082057,
            0.8183792668059555,
            0.7270112452917515,
            0.6711228670935929,
            0.6275931724347423,
            0.5447918642478011,
            0.4134684392419857,
            0.3455064467489607,
            0.34291330515221513,
            0.4184665626607349,
            0.27166716081946946,
            0.20906447230672584,
            0.27483741482669666,
            0.37612454224322994,
            0.22667652444094344,
            0.11007652295713367,
            0.1734102151678427,
            0.40007384516438016,
            0.2649562992989135,
            0.14341685875766202,
            0.0
        ]
    ], "55": [
        [
            0.0,
            0.24254225801215715,
            0.4084190074241075,
            0.5708985752759347,
            0.7750686034749068,
            0.5694639611253349,
            0.7512942954009002,
            0.867342895051689,
            0.9885792313913597,
            0.5951925453694662,
            0.7873461562546136,
            0.8965686219770841,
            1.0,
            0.5409521635934511,
            0.7190141860653317,
            0.86099393729295,
            0.9909334410053682,
            0.5144812560280934,
            0.6391348258816143,
            0.7551938625552354,
            0.8856203097481439
        ],
        [
            0.24254225801215715,
            0.0,
            0.1931924447940985,
            0.3625525069248551,
            0.5808491010669141,
            0.4089892336466416,
            0.6099577625515634,
            0.727029579621147,
            0.8394783482484772,
            0.4883301059590636,
            0.6843557386398116,
            0.782306091420228,
            0.8639643450288612,
            0.495908948723415,
            0.64650958765261,
            0.7770771296847125,
            0.8838647837114287,
            0.5184117382125705,
            0.6128972777194357,
            0.7134004858226092,
            0.8235400965523028
        ],
        [
            0.4084190074241075,
            0.1931924447940985,
            0.0,
            0.16976884847382248,
            0.38819110368403764,
            0.3836956331053779,
            0.5642900295624204,
            0.6587835080848388,
            0.7436284839938191,
            0.4750592566481725,
            0.649376845559482,
            0.7167126169387419,
            0.7660887985651278,
            0.501905062605381,
            0.6181434094351256,
            0.7208400082820947,
            0.8008735110674138,
            0.532778227687454,
            0.5975514138409983,
            0.6767572879684836,
            0.7657032797624045
        ],
        [
            0.5708985752759347,
            0.3625525069248551,
            0.16976884847382248,
            0.0,
            0.22058246290233618,
            0.444277887115716,
            0.5862787306782699,
            0.6527910066240739,
            0.7046675235490492,
            0.5359576279530022,
            0.6766782997458369,
            0.7117018187275754,
            0.7251910012756979,
            0.5771976579715365,
            0.6553459909526548,
            0.7262318771550949,
            0.7753554765062326,
            0.6123756154915275,
            0.6488009051795871,
            0.7041544176866309,
            0.7682147633485248
        ],
        [
            0.7750686034749068,
            0.5808491010669141,
            0.38819110368403764,
            0.22058246290233618,
            0.0,
            0.598018463735334,
            0.6870245974939351,
            0.7135027800093432,
            0.717780580198859,
            0.6719689555972783,
            0.767893699091597,
            0.7613550849515104,
            0.7285958415921057,
            0.71260112960685,
            0.7506421668262766,
            0.7796325494188983,
            0.7890521056769412,
            0.7417912513260195,
            0.7496758424956597,
            0.7760851323345455,
            0.808788332529133
        ],
        [
            0.5694639611253349,
            0.4089892336466416,
            0.3836956331053779,
            0.444277887115716,
            0.598018463735334,
            0.0,
            0.20677998161369,
            0.335427353187503,
            0.467019861568846,
            0.15839190364324887,
            0.3152689017272376,
            0.41750621584572245,
            0.5095469596208783,
            0.30045406464926827,
            0.34595047427682785,
            0.45912862017252465,
            0.5483334475463092,
            0.4204504095525876,
            0.4279876248553221,
            0.48305498299762645,
            0.5505269093278523
        ],
        [
            0.7512942954009002,
            0.6099577625515634,
            0.5642900295624204,
            0.5862787306782699,
            0.6870245974939351,
            0.20677998161369,
            0.0,
            0.1390097623281681,
            0.2883657782720122,
            0.1750754615184658,
            0.1512533089518688,
            0.23648324045898866,
            0.3377742978390835,
            0.3276544858468102,
            0.2541482253866949,
            0.31746502670303456,
            0.3823007122360064,
            0.4600302011327294,
            0.4067953100108983,
            0.4117982866500639,
            0.43278547387415717
        ],
        [
            0.867342895051689,
            0.727029579621147,
            0.6587835080848388,
            0.6527910066240739,
            0.7135027800093432,
            0.335427353187503,
            0.1390097623281681,
            0.0,
            0.15518627043217953,
            0.28188581256475853,
            0.15090764562896702,
            0.13145478134982422,
            0.20668400628950875,
            0.39834557567777923,
            0.26549146005953317,
            0.25188732541226877,
            0.2668244504044068,
            0.5164559407159891,
            0.430891883397726,
            0.396249534292432,
            0.3711488955040945
        ],
        [
            0.9885792313913597,
            0.8394783482484772,
            0.7436284839938191,
            0.7046675235490492,
            0.717780580198859,
            0.467019861568846,
            0.2883657782720122,
            0.15518627043217953,
            0.0,
            0.4207388471721888,
            0.2814189776739737,
            0.16950745276408777,
            0.08851013849658393,
            0.5149482841058435,
            0.36600302017030945,
            0.28502022919376513,
            0.20769267029751484,
            0.6150950455979919,
            0.5131698087331494,
            0.4497478452547403,
            0.3801084457946462
        ],
        [
            0.5951925453694662,
            0.4883301059590636,
            0.4750592566481725,
            0.5359576279530022,
            0.6719689555972783,
            0.15839190364324887,
            0.1750754615184658,
            0.28188581256475853,
            0.4207388471721888,
            0.0,
            0.19853023580529802,
            0.3189736368614461,
            0.44270287745871756,
            0.16821644223014287,
            0.1956859560213053,
            0.3294902446898632,
            0.44676110421712717,
            0.30321378995929604,
            0.28700559885298177,
            0.33897602213807937,
            0.4151814249327284
        ],
        [
            0.7873461562546136,
            0.6843557386398116,
            0.649376845559482,
            0.6766782997458369,
            0.767893699091597,
            0.3152689017272376,
            0.1512533089518688,
            0.15090764562896702,
            0.2814189776739737,
            0.19853023580529802,
            0.0,
            0.14580896360845108,
            0.2967497215187443,
            0.2818949834788057,
            0.140581526785132,
            0.19145737266150772,
            0.2896511418494937,
            0.4005866241970014,
            0.31639566606285835,
            0.2967459935473261,
            0.3082717926418721
        ],
        [
            0.8965686219770841,
            0.782306091420228,
            0.7167126169387419,
            0.7117018187275754,
            0.7613550849515104,
            0.41750621584572245,
            0.23648324045898866,
            0.13145478134982422,
            0.16950745276408777,
            0.3189736368614461,
            0.14580896360845108,
            0.0,
            0.1588888744694701,
            0.3819577518778147,
            0.21211357893996924,
            0.13385719756351258,
            0.1528403984996832,
            0.47849779511855506,
            0.36876071340448735,
            0.30412086287121987,
            0.2510278739552733
        ],
        [
            1.0,
            0.8639643450288612,
            0.7660887985651278,
            0.7251910012756979,
            0.7285958415921057,
            0.5095469596208783,
            0.3377742978390835,
            0.20668400628950875,
            0.08851013849658393,
            0.44270287745871756,
            0.2967497215187443,
            0.1588888744694701,
            0.0,
            0.509273763125299,
            0.3516659870264245,
            0.24038867498663685,
            0.1304804804805647,
            0.5940982862705395,
            0.4819989738516741,
            0.40340327052436215,
            0.31546149128706785
        ],
        [
            0.5409521635934511,
            0.495908948723415,
            0.501905062605381,
            0.5771976579715365,
            0.71260112960685,
            0.30045406464926827,
            0.3276544858468102,
            0.39834557567777923,
            0.5149482841058435,
            0.16821644223014287,
            0.2818949834788057,
            0.3819577518778147,
            0.509273763125299,
            0.0,
            0.18145195831024077,
            0.3281548166402636,
            0.47256639051803423,
            0.13729415298815772,
            0.1501472036194164,
            0.24664420705309503,
            0.36653647411761875
        ],
        [
            0.7190141860653317,
            0.64650958765261,
            0.6181434094351256,
            0.6553459909526548,
            0.7506421668262766,
            0.34595047427682785,
            0.2541482253866949,
            0.26549146005953317,
            0.36600302017030945,
            0.1956859560213053,
            0.140581526785132,
            0.21211357893996924,
            0.3516659870264245,
            0.18145195831024077,
            0.0,
            0.155837370264387,
            0.30343992305489953,
            0.2745827800635633,
            0.17680943630658397,
            0.16809807102697225,
            0.22917524492878602
        ],
        [
            0.86099393729295,
            0.7770771296847125,
            0.7208400082820947,
            0.7262318771550949,
            0.7796325494188983,
            0.45912862017252465,
            0.31746502670303456,
            0.25188732541226877,
            0.28502022919376513,
            0.3294902446898632,
            0.19145737266150772,
            0.13385719756351258,
            0.24038867498663685,
            0.3281548166402636,
            0.155837370264387,
            0.0,
            0.15593432051343675,
            0.39384559731048,
            0.2685181212451295,
            0.18060617498307083,
            0.12355988395670878
        ],
        [
            0.9909334410053682,
            0.8838647837114287,
            0.8008735110674138,
            0.7753554765062326,
            0.7890521056769412,
            0.5483334475463092,
            0.3823007122360064,
            0.2668244504044068,
            0.20769267029751484,
            0.44676110421712717,
            0.2896511418494937,
            0.1528403984996832,
            0.1304804804805647,
            0.47256639051803423,
            0.30343992305489953,
            0.15593432051343675,
            0.0,
            0.5378079797341963,
            0.41254967056052094,
            0.3140028426254998,
            0.20156415923348514
        ],
        [
            0.5144812560280934,
            0.5184117382125705,
            0.532778227687454,
            0.6123756154915275,
            0.7417912513260195,
            0.4204504095525876,
            0.4600302011327294,
            0.5164559407159891,
            0.6150950455979919,
            0.30321378995929604,
            0.4005866241970014,
            0.47849779511855506,
            0.5940982862705395,
            0.13729415298815772,
            0.2745827800635633,
            0.39384559731048,
            0.5378079797341963,
            0.0,
            0.13274655167677266,
            0.25086950369663547,
            0.38914480690297837
        ],
        [
            0.6391348258816143,
            0.6128972777194357,
            0.5975514138409983,
            0.6488009051795871,
            0.7496758424956597,
            0.4279876248553221,
            0.4067953100108983,
            0.430891883397726,
            0.5131698087331494,
            0.28700559885298177,
            0.31639566606285835,
            0.36876071340448735,
            0.4819989738516741,
            0.1501472036194164,
            0.17680943630658397,
            0.2685181212451295,
            0.41254967056052094,
            0.13274655167677266,
            0.0,
            0.11918754742905485,
            0.25714410529307213
        ],
        [
            0.7551938625552354,
            0.7134004858226092,
            0.6767572879684836,
            0.7041544176866309,
            0.7760851323345455,
            0.48305498299762645,
            0.4117982866500639,
            0.396249534292432,
            0.4497478452547403,
            0.33897602213807937,
            0.2967459935473261,
            0.30412086287121987,
            0.40340327052436215,
            0.24664420705309503,
            0.16809807102697225,
            0.18060617498307083,
            0.3140028426254998,
            0.25086950369663547,
            0.11918754742905485,
            0.0,
            0.13939578117552595
        ],
        [
            0.8856203097481439,
            0.8235400965523028,
            0.7657032797624045,
            0.7682147633485248,
            0.808788332529133,
            0.5505269093278523,
            0.43278547387415717,
            0.3711488955040945,
            0.3801084457946462,
            0.4151814249327284,
            0.3082717926418721,
            0.2510278739552733,
            0.31546149128706785,
            0.36653647411761875,
            0.22917524492878602,
            0.12355988395670878,
            0.20156415923348514,
            0.38914480690297837,
            0.25714410529307213,
            0.13939578117552595,
            0.0
        ]
    ]
}