{"Money_2": [
  [
   0.0,
   0.3204462379258991,
   0.5614057601269595,
   0.7351272185018269,
   0.9399257892355262,
   0.7537209899943593,
   0.9793423760655842,
   1.0,
   0.9499914222579775,
   0.7876715965734459,
   0.9020206457334773,
   0.7932575730304009,
   0.6787080199248051,
   0.7157945544788497,
   0.8448772816579954,
   0.7359902282422333,
   0.6341705628943504,
   0.6806732304455985,
   0.7772780301890728,
   0.6936329022665972,
   0.5819901937348775
  ],
  [
   0.3204462379258991,
   0.0,
   0.254050446952017,
   0.4581290392946339,
   0.7011679152847963,
   0.5411970436919469,
   0.7702996709630203,
   0.7750116287780335,
   0.7037529157307938,
   0.6457743940149524,
   0.7397732681157907,
   0.6109343163768554,
   0.46217817117076726,
   0.655380370068251,
   0.733269194665664,
   0.6082178719661351,
   0.49120863408196297,
   0.6851115049009115,
   0.7265931800240847,
   0.635023799058057,
   0.5324082051327688
  ],
  [
   0.5614057601269595,
   0.254050446952017,
   0.0,
   0.22199879375591638,
   0.4870851716918955,
   0.3760592919734144,
   0.5758046447534634,
   0.5662720011424816,
   0.49007301170608464,
   0.5294247485460348,
   0.5893292944935459,
   0.46273488089445797,
   0.3200286252597445,
   0.6081533619056531,
   0.63084089021397,
   0.518247343948171,
   0.43120159245757533,
   0.6871714290346389,
   0.6796630473220805,
   0.6024870055069173,
   0.536991915280236
  ],
  [
   0.7351272185018269,
   0.4581290392946339,
   0.22199879375591638,
   0.0,
   0.2713115052109234,
   0.2702831905530212,
   0.38173532441117874,
   0.3497454330630304,
   0.28864589676964947,
   0.4183492825869172,
   0.4175067849311893,
   0.3099938940580316,
   0.23739525801490272,
   0.5372084657571148,
   0.49868711538998406,
   0.4178615997187365,
   0.39683746249629964,
   0.6452256502404663,
   0.593259645592839,
   0.5416219588348402,
   0.5247446928302412
  ],
  [
   0.9399257892355262,
   0.7011679152847963,
   0.4870851716918955,
   0.2713115052109234,
   0.0,
   0.3702156140237036,
   0.25617375052845515,
   0.10727828420332368,
   0.10332970997523118,
   0.4164892496327713,
   0.26550859887849143,
   0.21801314210719205,
   0.3055140784404433,
   0.5292439816280367,
   0.38744949951320296,
   0.363088919673149,
   0.43376260233573377,
   0.6388117353631253,
   0.5273464497008189,
   0.5106244187861346,
   0.5547200687598416
  ],
  [
   0.7537209899943593,
   0.5411970436919469,
   0.3760592919734144,
   0.2702831905530212,
   0.3702156140237036,
   0.0,
   0.2704102646499459,
   0.3739706534455121,
   0.44963512448119414,
   0.209041744438858,
   0.36051757215223623,
   0.3748184332786637,
   0.41629868518637236,
   0.39633256564824537,
   0.4442752571742795,
   0.46890937132124355,
   0.5309435634203267,
   0.5547178211385696,
   0.5434548578694532,
   0.558308847830872,
   0.5820166483661883
  ],
  [
   0.9793423760655842,
   0.7702996709630203,
   0.5758046447534634,
   0.38173532441117874,
   0.25617375052845515,
   0.2704102646499459,
   0.0,
   0.18243402776959972,
   0.35929585296984734,
   0.2635221790828907,
   0.22871236342869777,
   0.3389739562790126,
   0.4764831023042925,
   0.44393213099199574,
   0.37396392611813883,
   0.46250774318528964,
   0.587027558385206,
   0.6026089225563882,
   0.5265574059554355,
   0.5752581629819689,
   0.6487469575182079
  ],
  [
   1.0,
   0.7750116287780335,
   0.5662720011424816,
   0.3497454330630304,
   0.10727828420332368,
   0.3739706534455121,
   0.18243402776959972,
   0.0,
   0.19849647473003101,
   0.38521850072673325,
   0.2206719528879219,
   0.25793110292671806,
   0.39245467617141033,
   0.5109936333543991,
   0.36442164470653476,
   0.39698821441769283,
   0.5053446382462223,
   0.6341682675031038,
   0.5200094217523441,
   0.5345581597154597,
   0.6017562225096693
  ],
  [
   0.9499914222579775,
   0.7037529157307938,
   0.49007301170608464,
   0.28864589676964947,
   0.10332970997523118,
   0.44963512448119414,
   0.35929585296984734,
   0.19849647473003101,
   0.0,
   0.5061536305701264,
   0.34277901274869593,
   0.246625394952165,
   0.2838339171610752,
   0.597828534500139,
   0.4429046907759781,
   0.37593891867426843,
   0.41038037856708487,
   0.6873136643425121,
   0.5681841433411798,
   0.5265409039053083,
   0.5547474386211827
  ],
  [
   0.7876715965734459,
   0.6457743940149524,
   0.5294247485460348,
   0.4183492825869172,
   0.4164892496327713,
   0.209041744438858,
   0.2635221790828907,
   0.38521850072673325,
   0.5061536305701264,
   0.0,
   0.25822017256776736,
   0.3499420176795091,
   0.46678858563455183,
   0.22181692802570152,
   0.3026213931974461,
   0.4049425203469674,
   0.5301420513178682,
   0.3998186049420344,
   0.3936960265943259,
   0.45964787700398835,
   0.5256823111271115
  ],
  [
   0.9020206457334773,
   0.7397732681157907,
   0.5893292944935459,
   0.4175067849311893,
   0.26550859887849143,
   0.36051757215223623,
   0.22871236342869777,
   0.2206719528879219,
   0.34277901274869593,
   0.25822017256776736,
   0.0,
   0.1919341422616752,
   0.38536371108490536,
   0.3110785639420211,
   0.15338610256640678,
   0.26959450442675253,
   0.43782215151049764,
   0.42620180332314606,
   0.31406785033972406,
   0.3685427096314114,
   0.4672989274037772
  ],
  [
   0.7932575730304009,
   0.6109343163768554,
   0.46273488089445797,
   0.3099938940580316,
   0.21801314210719205,
   0.3748184332786637,
   0.3389739562790126,
   0.25793110292671806,
   0.246625394952165,
   0.3499420176795091,
   0.1919341422616752,
   0.0,
   0.2006844772472097,
   0.37079095288374025,
   0.22497127878349615,
   0.14745397885735007,
   0.2610902931179058,
   0.4415398233407085,
   0.3289219582447493,
   0.29341320509863655,
   0.34445736010783357
  ],
  [
   0.6787080199248051,
   0.46217817117076726,
   0.3200286252597445,
   0.23739525801490272,
   0.3055140784404433,
   0.41629868518637236,
   0.4764831023042925,
   0.39245467617141033,
   0.2838339171610752,
   0.46678858563455183,
   0.38536371108490536,
   0.2006844772472097,
   0.0,
   0.48610363944204094,
   0.40277436290897844,
   0.24096942710644195,
   0.16592967648675602,
   0.5316514695866559,
   0.4563487740668289,
   0.35898069355971146,
   0.3237855463193883
  ],
  [
   0.7157945544788497,
   0.655380370068251,
   0.6081533619056531,
   0.5372084657571148,
   0.5292439816280367,
   0.39633256564824537,
   0.44393213099199574,
   0.5109936333543991,
   0.597828534500139,
   0.22181692802570152,
   0.3110785639420211,
   0.37079095288374025,
   0.48610363944204094,
   0.0,
   0.23323725777831975,
   0.33785081299638786,
   0.4755229997461415,
   0.18091931919290757,
   0.22381250947449338,
   0.31580220460755004,
   0.39762154873568506
  ],
  [
   0.8448772816579954,
   0.733269194665664,
   0.63084089021397,
   0.49868711538998406,
   0.38744949951320296,
   0.4442752571742795,
   0.37396392611813883,
   0.36442164470653476,
   0.4429046907759781,
   0.3026213931974461,
   0.15338610256640678,
   0.22497127878349615,
   0.40277436290897844,
   0.23323725777831975,
   0.0,
   0.2035300934178188,
   0.3946533422647442,
   0.29459398464305026,
   0.1626049398189718,
   0.24487737027638176,
   0.3682063138453353
  ],
  [
   0.7359902282422333,
   0.6082178719661351,
   0.518247343948171,
   0.4178615997187365,
   0.363088919673149,
   0.46890937132124355,
   0.46250774318528964,
   0.39698821441769283,
   0.37593891867426843,
   0.4049425203469674,
   0.26959450442675253,
   0.14745397885735007,
   0.24096942710644195,
   0.33785081299638786,
   0.2035300934178188,
   0.0,
   0.1941318565044592,
   0.3461180814591536,
   0.2286826371398038,
   0.1507018407545347,
   0.21480946757190592
  ],
  [
   0.6341705628943504,
   0.49120863408196297,
   0.43120159245757533,
   0.39683746249629964,
   0.43376260233573377,
   0.5309435634203267,
   0.587027558385206,
   0.5053446382462223,
   0.41038037856708487,
   0.5301420513178682,
   0.43782215151049764,
   0.2610902931179058,
   0.16592967648675602,
   0.4755229997461415,
   0.3946533422647442,
   0.1941318565044592,
   0.0,
   0.4617962863102027,
   0.3897603813750704,
   0.25314092781522324,
   0.18279588303885724
  ],
  [
   0.6806732304455985,
   0.6851115049009115,
   0.6871714290346389,
   0.6452256502404663,
   0.6388117353631253,
   0.5547178211385696,
   0.6026089225563882,
   0.6341682675031038,
   0.6873136643425121,
   0.3998186049420344,
   0.42620180332314606,
   0.4415398233407085,
   0.5316514695866559,
   0.18091931919290757,
   0.29459398464305026,
   0.3461180814591536,
   0.4617962863102027,
   0.0,
   0.16971293844492158,
   0.24551756078318931,
   0.32314993205803555
  ],
  [
   0.7772780301890728,
   0.7265931800240847,
   0.6796630473220805,
   0.593259645592839,
   0.5273464497008189,
   0.5434548578694532,
   0.5265574059554355,
   0.5200094217523441,
   0.5681841433411798,
   0.3936960265943259,
   0.31406785033972406,
   0.3289219582447493,
   0.4563487740668289,
   0.22381250947449338,
   0.1626049398189718,
   0.2286826371398038,
   0.3897603813750704,
   0.16971293844492158,
   0.0,
   0.15523237325832756,
   0.2897215816715184
  ],
  [
   0.6936329022665972,
   0.635023799058057,
   0.6024870055069173,
   0.5416219588348402,
   0.5106244187861346,
   0.558308847830872,
   0.5752581629819689,
   0.5345581597154597,
   0.5265409039053083,
   0.45964787700398835,
   0.3685427096314114,
   0.29341320509863655,
   0.35898069355971146,
   0.31580220460755004,
   0.24487737027638176,
   0.1507018407545347,
   0.25314092781522324,
   0.24551756078318931,
   0.15523237325832756,
   0.0,
   0.14330251641505706
  ],
  [
   0.5819901937348775,
   0.5324082051327688,
   0.536991915280236,
   0.5247446928302412,
   0.5547200687598416,
   0.5820166483661883,
   0.6487469575182079,
   0.6017562225096693,
   0.5547474386211827,
   0.5256823111271115,
   0.4672989274037772,
   0.34445736010783357,
   0.3237855463193883,
   0.39762154873568506,
   0.3682063138453353,
   0.21480946757190592,
   0.18279588303885724,
   0.32314993205803555,
   0.2897215816715184,
   0.14330251641505706,
   0.0
  ]
 ],
 "Money_10": [
  [
   0.0,
   0.31495720062549204,
   0.5455250337849687,
   0.7088893702297367,
   0.9298186898883546,
   0.7411580311752228,
   0.9750908266775326,
   1.0,
   0.9035598268705072,
   0.773936177148532,
   0.8691942440443904,
   0.7600958280513489,
   0.6135463893038612,
   0.7027694781925522,
   0.7966230307054571,
   0.7141183222531017,
   0.6620997304760609,
   0.6679703584827514,
   0.7124735364822835,
   0.6665903126592545,
   0.6093459147938723
  ],
  [
   0.31495720062549204,
   0.0,
   0.25171006704624443,
   0.45099406349602683,
   0.7111525913789394,
   0.5315597500173972,
   0.7675541097507306,
   0.773554770134023,
   0.6696046644145067,
   0.6337254960091239,
   0.6967334260559945,
   0.5762109151250372,
   0.4518025265590785,
   0.6427067638698665,
   0.6711479127858605,
   0.5892607740323741,
   0.5905340123363289,
   0.6718497033322107,
   0.6514944806553009,
   0.6133828292221384,
   0.6023859632441233
  ],
  [
   0.5455250337849687,
   0.25171006704624443,
   0.0,
   0.2214251325244927,
   0.5059658074265907,
   0.39797280384880007,
   0.5851919559927312,
   0.556710812889568,
   0.43977371787175845,
   0.5310244036265456,
   0.5261015318335589,
   0.3976830132953287,
   0.3227003361438212,
   0.5903323178975015,
   0.540445877950434,
   0.46289418380315445,
   0.51837578139909,
   0.6547928664247235,
   0.5769610367170964,
   0.5472978569850158,
   0.5798001827979683
  ],
  [
   0.7088893702297367,
   0.45099406349602683,
   0.2214251325244927,
   0.0,
   0.2899232131396919,
   0.289623170932581,
   0.38965524978985283,
   0.3366161746217206,
   0.23272359973555476,
   0.4030454577585359,
   0.3309146996764113,
   0.22807716459527472,
   0.28185442297033325,
   0.4958856753534419,
   0.38469071597963916,
   0.35235758536471107,
   0.4865804842860411,
   0.5897092077257402,
   0.4762644809824394,
   0.47940884656868016,
   0.5646095021927072
  ],
  [
   0.9298186898883546,
   0.7111525913789394,
   0.5059658074265907,
   0.2899232131396919,
   0.0,
   0.2985018177702145,
   0.1485120313101546,
   0.07823603177567688,
   0.2072304709056088,
   0.31502367921592994,
   0.15915304433229785,
   0.2561343708234461,
   0.45513317147644156,
   0.4521207593090198,
   0.2998770289014937,
   0.3992850564779636,
   0.6030203451779307,
   0.5831816308269853,
   0.4610158092892795,
   0.5307588592398548,
   0.6684657667445619
  ],
  [
   0.7411580311752228,
   0.5315597500173972,
   0.39797280384880007,
   0.289623170932581,
   0.2985018177702145,
   0.0,
   0.26969561848599444,
   0.36776836728719736,
   0.42141180681898355,
   0.20529406923873444,
   0.332094556099618,
   0.37731302557765894,
   0.48823551769087936,
   0.3894184504609704,
   0.39678611136348757,
   0.4880729408834026,
   0.6636386500156117,
   0.5452333339203465,
   0.4962798393853195,
   0.5760955431860895,
   0.6911790007036488
  ],
  [
   0.9750908266775326,
   0.7675541097507306,
   0.5851919559927312,
   0.38965524978985283,
   0.1485120313101546,
   0.26969561848599444,
   0.0,
   0.18143895074117075,
   0.35437226039902947,
   0.2678217007733235,
   0.23318306701447142,
   0.3784384892318563,
   0.5719832653616137,
   0.4499999545128219,
   0.3635385590831151,
   0.5078539811763724,
   0.7182296741027768,
   0.6081211445232597,
   0.5196361887949774,
   0.619276246107389,
   0.7641475385168992
  ],
  [
   1.0,
   0.773554770134023,
   0.556710812889568,
   0.3366161746217206,
   0.07823603177567688,
   0.36776836728719736,
   0.18143895074117075,
   0.0,
   0.20438897925959643,
   0.38763121315290155,
   0.21210648547907002,
   0.3014493015043099,
   0.5007279768122903,
   0.5215253868412258,
   0.3533639645870856,
   0.44350089535364645,
   0.6423867156424569,
   0.6473606423788075,
   0.5171822570208511,
   0.5805648811961291,
   0.7171965788131176
  ],
  [
   0.9035598268705072,
   0.6696046644145067,
   0.43977371787175845,
   0.23272359973555476,
   0.2072304709056088,
   0.42141180681898355,
   0.35437226039902947,
   0.20438897925959643,
   0.0,
   0.4667346221546569,
   0.26237125082963775,
   0.19584542055189746,
   0.34603179608486223,
   0.548135782741448,
   0.35003725242642575,
   0.3346614816957015,
   0.49488349576520324,
   0.6334896383583516,
   0.48052079175482265,
   0.4876593788385724,
   0.5960214248928215
  ],
  [
   0.773936177148532,
   0.6337254960091239,
   0.5310244036265456,
   0.4030454577585359,
   0.31502367921592994,
   0.20529406923873444,
   0.2678217007733235,
   0.38763121315290155,
   0.4667346221546569,
   0.0,
   0.25865775677547775,
   0.3663424060909742,
   0.5026941500279379,
   0.21804529472313733,
   0.28024714210621404,
   0.43505153129465657,
   0.626241779389294,
   0.39310445182720494,
   0.36793060502527825,
   0.490068409272322,
   0.625860226875521
  ],
  [
   0.8691942440443904,
   0.6967334260559945,
   0.5261015318335589,
   0.3309146996764113,
   0.15915304433229785,
   0.332094556099618,
   0.23318306701447142,
   0.21210648547907002,
   0.26237125082963775,
   0.25865775677547775,
   0.0,
   0.1898772077972972,
   0.393681478326048,
   0.32409280330347184,
   0.14454912752008073,
   0.28792577139429765,
   0.5025518835584121,
   0.43716545055205464,
   0.3103458636019268,
   0.3978071973934525,
   0.5472439169562271
  ],
  [
   0.7600958280513489,
   0.5762109151250372,
   0.3976830132953287,
   0.22807716459527472,
   0.2561343708234461,
   0.37731302557765894,
   0.3784384892318563,
   0.3014493015043099,
   0.19584542055189746,
   0.3663424060909742,
   0.1898772077972972,
   0.0,
   0.21193715991189696,
   0.3831297796715557,
   0.19503608970738345,
   0.1560775369796191,
   0.34797409149545433,
   0.4451534569262083,
   0.29365409110112084,
   0.30240625932228843,
   0.4225093271869294
  ],
  [
   0.6135463893038612,
   0.4518025265590785,
   0.3227003361438212,
   0.28185442297033325,
   0.45513317147644156,
   0.48823551769087936,
   0.5719832653616137,
   0.5007279768122903,
   0.34603179608486223,
   0.5026941500279379,
   0.393681478326048,
   0.21193715991189696,
   0.0,
   0.4666050506328552,
   0.34590976230185033,
   0.1767479969328259,
   0.2093904030851601,
   0.46875400231396747,
   0.3432810526287069,
   0.2609641714640596,
   0.2994998552415437
  ],
  [
   0.7027694781925522,
   0.6427067638698665,
   0.5903323178975015,
   0.4958856753534419,
   0.4521207593090198,
   0.3894184504609704,
   0.4499999545128219,
   0.5215253868412258,
   0.548135782741448,
   0.21804529472313733,
   0.32409280330347184,
   0.3831297796715557,
   0.4666050506328552,
   0.0,
   0.23540635764223955,
   0.3660356612060907,
   0.5206785466297118,
   0.1779145145719049,
   0.21254345006585168,
   0.35101854721297576,
   0.47892863097944643
  ],
  [
   0.7966230307054571,
   0.6711479127858605,
   0.540445877950434,
   0.38469071597963916,
   0.2998770289014937,
   0.39678611136348757,
   0.3635385590831151,
   0.3533639645870856,
   0.35003725242642575,
   0.28024714210621404,
   0.14454912752008073,
   0.19503608970738345,
   0.34590976230185033,
   0.23540635764223955,
   0.0,
   0.20237466442511912,
   0.40803166916846684,
   0.30559461736278776,
   0.16694722407868057,
   0.2705983256586007,
   0.42651633711842923
  ],
  [
   0.7141183222531017,
   0.5892607740323741,
   0.46289418380315445,
   0.35235758536471107,
   0.3992850564779636,
   0.4880729408834026,
   0.5078539811763724,
   0.44350089535364645,
   0.3346614816957015,
   0.43505153129465657,
   0.28792577139429765,
   0.1560775369796191,
   0.1767479969328259,
   0.3660356612060907,
   0.20237466442511912,
   0.0,
   0.21489243572882816,
   0.3614761684217638,
   0.20145142094258087,
   0.15340516701504747,
   0.27465796635589046
  ],
  [
   0.6620997304760609,
   0.5905340123363289,
   0.51837578139909,
   0.4865804842860411,
   0.6030203451779307,
   0.6636386500156117,
   0.7182296741027768,
   0.6423867156424569,
   0.49488349576520324,
   0.626241779389294,
   0.5025518835584121,
   0.34797409149545433,
   0.2093904030851601,
   0.5206785466297118,
   0.40803166916846684,
   0.21489243572882816,
   0.0,
   0.45086594178377043,
   0.3354189001721207,
   0.18608632307849196,
   0.14089036712691164
  ],
  [
   0.6679703584827514,
   0.6718497033322107,
   0.6547928664247235,
   0.5897092077257402,
   0.5831816308269853,
   0.5452333339203465,
   0.6081211445232597,
   0.6473606423788075,
   0.6334896383583516,
   0.39310445182720494,
   0.43716545055205464,
   0.4451534569262083,
   0.46875400231396747,
   0.1779145145719049,
   0.30559461736278776,
   0.3614761684217638,
   0.45086594178377043,
   0.0,
   0.17231084578278894,
   0.27289126824066356,
   0.3689479351328855
  ],
  [
   0.7124735364822835,
   0.6514944806553009,
   0.5769610367170964,
   0.4762644809824394,
   0.4610158092892795,
   0.4962798393853195,
   0.5196361887949774,
   0.5171822570208511,
   0.48052079175482265,
   0.36793060502527825,
   0.3103458636019268,
   0.29365409110112084,
   0.3432810526287069,
   0.21254345006585168,
   0.16694722407868057,
   0.20145142094258087,
   0.3354189001721207,
   0.17231084578278894,
   0.0,
   0.15483544852616674,
   0.30274810914421396
  ],
  [
   0.6665903126592545,
   0.6133828292221384,
   0.5472978569850158,
   0.47940884656868016,
   0.5307588592398548,
   0.5760955431860895,
   0.619276246107389,
   0.5805648811961291,
   0.4876593788385724,
   0.490068409272322,
   0.3978071973934525,
   0.30240625932228843,
   0.2609641714640596,
   0.35101854721297576,
   0.2705983256586007,
   0.15340516701504747,
   0.18608632307849196,
   0.27289126824066356,
   0.15483544852616674,
   0.0,
   0.15808641714239677
  ],
  [
   0.6093459147938723,
   0.6023859632441233,
   0.5798001827979683,
   0.5646095021927072,
   0.6684657667445619,
   0.6911790007036488,
   0.7641475385168992,
   0.7171965788131176,
   0.5960214248928215,
   0.625860226875521,
   0.5472439169562271,
   0.4225093271869294,
   0.2994998552415437,
   0.47892863097944643,
   0.42651633711842923,
   0.27465796635589046,
   0.14089036712691164,
   0.3689479351328855,
   0.30274810914421396,
   0.15808641714239677,
   0.0
  ]
 ]
}