{
 "2": [
  [
   0.0,
   0.22707850558256543,
   0.37871290297878474,
   0.5009428139805806,
   0.5937968708266,
   0.5334622827042425,
   0.7019338822825195,
   0.8132047279451591,
   0.9531023101528013,
   0.5578612979238425,
   0.7438009184663178,
   0.8729355967430128,
   1.0,
   0.507155380685495,
   0.6302050458739494,
   0.625883219575031,
   0.5359850526647121,
   0.4824534319978058,
   0.5560758431908388,
   0.508321968220424,
   0.39837597090488885
  ],
  [
   0.22707850558256543,
   0.0,
   0.18168575263632453,
   0.33499960612459756,
   0.48825883621744787,
   0.38281615337356717,
   0.5616874100246497,
   0.6781296733955062,
   0.8162661203499614,
   0.45718788767573376,
   0.6329441640627652,
   0.7567817396253227,
   0.8703299571373855,
   0.46437373428768824,
   0.5510833232403273,
   0.537988587933209,
   0.43804928320327663,
   0.48580013887107654,
   0.5258573371515562,
   0.4744219278267967,
   0.3716481855685284
  ],
  [
   0.37871290297878474,
   0.18168575263632453,
   0.0,
   0.16013847239961934,
   0.3437075847136208,
   0.28548652258166,
   0.43263293217703463,
   0.5363564028334624,
   0.6649545298645971,
   0.367428964415936,
   0.51852074115801,
   0.6270439239965647,
   0.7236277968742426,
   0.39839508734972556,
   0.4324464392712522,
   0.40141834370738194,
   0.3021792838966286,
   0.43867200505164333,
   0.4385798372429578,
   0.38545265044886273,
   0.3097450762403781
  ],
  [
   0.5009428139805806,
   0.33499960612459756,
   0.16013847239961934,
   0.0,
   0.20600780146724362,
   0.2712008326986972,
   0.34562689599231955,
   0.4220089496466489,
   0.5362228886197575,
   0.3188246402379317,
   0.4308875331035879,
   0.5177137424853562,
   0.5970746338070265,
   0.3508397282988277,
   0.3218491255794455,
   0.2674494796412425,
   0.18449358467874724,
   0.39598274972148306,
   0.3537689924126026,
   0.3055066419788358,
   0.27553632961017566
  ],
  [
   0.5937968708266,
   0.48825883621744787,
   0.3437075847136208,
   0.20600780146724362,
   0.0,
   0.3351063242491191,
   0.3135344032664273,
   0.34008808228608495,
   0.434582302949215,
   0.28654893065727544,
   0.35000683905407515,
   0.41172833688641824,
   0.4864489151718375,
   0.26423287911885013,
   0.1565216234201435,
   0.06389241937869682,
   0.1225012370347368,
   0.28968806362841637,
   0.19674117183600434,
   0.18239505380913995,
   0.23487562396167874
  ],
  [
   0.5334622827042425,
   0.38281615337356717,
   0.28548652258166,
   0.2712008326986972,
   0.3351063242491191,
   0.0,
   0.19453045931941404,
   0.32415336594524735,
   0.46834146870190374,
   0.14811902881496594,
   0.2736534817191106,
   0.3965497460175551,
   0.5158665587952391,
   0.2811871008016652,
   0.3212614547531271,
   0.3865996317698944,
   0.3932271697257589,
   0.39377556786812723,
   0.406676579186189,
   0.4289024989377132,
   0.39843664434304615
  ],
  [
   0.7019338822825195,
   0.5616874100246497,
   0.43263293217703463,
   0.34562689599231955,
   0.3135344032664273,
   0.19453045931941404,
   0.0,
   0.1312153511852601,
   0.27579978740906175,
   0.172323878098249,
   0.11727764035122294,
   0.2089439499105696,
   0.32137845383270985,
   0.30701815080108974,
   0.2585971196237504,
   0.34769801397676353,
   0.4170851792896674,
   0.42539598155120906,
   0.3997496566138308,
   0.4503978253656321,
   0.46821339842952964
  ],
  [
   0.8132047279451591,
   0.6781296733955062,
   0.5363564028334624,
   0.4220089496466489,
   0.34008808228608495,
   0.32415336594524735,
   0.1312153511852601,
   0.0,
   0.1466337101502242,
   0.27568636011714376,
   0.13114209916695369,
   0.11018359302537802,
   0.19359240403538786,
   0.37505093895443137,
   0.27413544800503503,
   0.3566402624690689,
   0.4569070546996554,
   0.47903455921480187,
   0.42854725561157025,
   0.4885123822957384,
   0.5328074725877963
  ],
  [
   0.9531023101528013,
   0.8162661203499614,
   0.6649545298645971,
   0.5362228886197575,
   0.434582302949215,
   0.46834146870190374,
   0.27579978740906175,
   0.1466337101502242,
   0.0,
   0.419131960985726,
   0.25686065337333147,
   0.14416045380224374,
   0.06635621563921067,
   0.5013589288756909,
   0.37575645906718824,
   0.43794385180640305,
   0.5507673267792078,
   0.592203498526727,
   0.5253110244462039,
   0.5862779432015653,
   0.6473070575909488
  ],
  [
   0.5578612979238425,
   0.45718788767573376,
   0.367428964415936,
   0.3188246402379317,
   0.28654893065727544,
   0.14811902881496594,
   0.172323878098249,
   0.27568636011714376,
   0.419131960985726,
   0.0,
   0.1863852267002298,
   0.3196158293918921,
   0.4567843301208924,
   0.15756213419604673,
   0.21004706577605678,
   0.3184425839745216,
   0.3697364658034468,
   0.2840549056606093,
   0.30110343631691017,
   0.356655146585283,
   0.3521131793794648
  ],
  [
   0.7438009184663178,
   0.6329441640627652,
   0.51852074115801,
   0.4308875331035879,
   0.35000683905407515,
   0.2736534817191106,
   0.11727764035122294,
   0.13114209916695369,
   0.25686065337333147,
   0.1863852267002298,
   0.0,
   0.13717053793036998,
   0.2821303597680753,
   0.2879171178809179,
   0.2425295419967992,
   0.3658088111345288,
   0.46440703331722594,
   0.4035128281569076,
   0.3848145087661384,
   0.4609324967672773,
   0.49332050995050775
  ],
  [
   0.8729355967430128,
   0.7567817396253227,
   0.6270439239965647,
   0.5177137424853562,
   0.41172833688641824,
   0.3965497460175551,
   0.2089439499105696,
   0.11018359302537802,
   0.14416045380224374,
   0.3196158293918921,
   0.13717053793036998,
   0.0,
   0.15045328426164015,
   0.4008352270330709,
   0.3103756103573981,
   0.41544188788720476,
   0.5332322623267922,
   0.5010277117023221,
   0.4590017279268032,
   0.5374793318974255,
   0.5899459027302919
  ],
  [
   1.0,
   0.8703299571373855,
   0.7236277968742426,
   0.5970746338070265,
   0.4864489151718375,
   0.5158665587952391,
   0.32137845383270985,
   0.19359240403538786,
   0.06635621563921067,
   0.4567843301208924,
   0.2821303597680753,
   0.15045328426164015,
   0.0,
   0.5335940949549007,
   0.41300769201075405,
   0.48472811848545216,
   0.604872829880332,
   0.6229326168688404,
   0.5597947919915026,
   0.6287424548174666,
   0.6933028793627097
  ],
  [
   0.507155380685495,
   0.46437373428768824,
   0.39839508734972556,
   0.3508397282988277,
   0.26423287911885013,
   0.2811871008016652,
   0.30701815080108974,
   0.37505093895443137,
   0.5013589288756909,
   0.15756213419604673,
   0.2879171178809179,
   0.4008352270330709,
   0.5335940949549007,
   0.0,
   0.1707700837647467,
   0.27276427244626733,
   0.3281685376106101,
   0.12855116454314716,
   0.17742401074065087,
   0.24983364162149943,
   0.2539129266061907
  ],
  [
   0.6302050458739494,
   0.5510833232403273,
   0.4324464392712522,
   0.3218491255794455,
   0.1565216234201435,
   0.3212614547531271,
   0.2585971196237504,
   0.27413544800503503,
   0.37575645906718824,
   0.21004706577605678,
   0.2425295419967992,
   0.3103756103573981,
   0.41300769201075405,
   0.1707700837647467,
   0.0,
   0.1468432683637464,
   0.2647671863588585,
   0.22527307047232073,
   0.15446599422733226,
   0.22819848756583522,
   0.28968383388873964
  ],
  [
   0.625883219575031,
   0.537988587933209,
   0.40141834370738194,
   0.2674494796412425,
   0.06389241937869682,
   0.3865996317698944,
   0.34769801397676353,
   0.3566402624690689,
   0.43794385180640305,
   0.3184425839745216,
   0.3658088111345288,
   0.41544188788720476,
   0.48472811848545216,
   0.27276427244626733,
   0.1468432683637464,
   0.0,
   0.14715289395422948,
   0.279539851357112,
   0.16797685348822483,
   0.16476133980240054,
   0.24505519536297937
  ],
  [
   0.5359850526647121,
   0.43804928320327663,
   0.3021792838966286,
   0.18449358467874724,
   0.1225012370347368,
   0.3932271697257589,
   0.4170851792896674,
   0.4569070546996554,
   0.5507673267792078,
   0.3697364658034468,
   0.46440703331722594,
   0.5332322623267922,
   0.604872829880332,
   0.3281685376106101,
   0.2647671863588585,
   0.14715289395422948,
   0.0,
   0.31980345565183677,
   0.23871647613826608,
   0.1605964253797131,
   0.18350898605139473
  ],
  [
   0.4824534319978058,
   0.48580013887107654,
   0.43867200505164333,
   0.39598274972148306,
   0.28968806362841637,
   0.39377556786812723,
   0.42539598155120906,
   0.47903455921480187,
   0.592203498526727,
   0.2840549056606093,
   0.4035128281569076,
   0.5010277117023221,
   0.6229326168688404,
   0.12855116454314716,
   0.22527307047232073,
   0.279539851357112,
   0.31980345565183677,
   0.0,
   0.12475304602440539,
   0.1880150303974611,
   0.19869346451278397
  ],
  [
   0.5560758431908388,
   0.5258573371515562,
   0.4385798372429578,
   0.3537689924126026,
   0.19674117183600434,
   0.406676579186189,
   0.3997496566138308,
   0.42854725561157025,
   0.5253110244462039,
   0.30110343631691017,
   0.3848145087661384,
   0.4590017279268032,
   0.5597947919915026,
   0.17742401074065087,
   0.15446599422733226,
   0.16797685348822483,
   0.23871647613826608,
   0.12475304602440539,
   0.0,
   0.11223164831135286,
   0.18919310042707446
  ],
  [
   0.508321968220424,
   0.4744219278267967,
   0.38545265044886273,
   0.3055066419788358,
   0.18239505380913995,
   0.4289024989377132,
   0.4503978253656321,
   0.4885123822957384,
   0.5862779432015653,
   0.356655146585283,
   0.4609324967672773,
   0.5374793318974255,
   0.6287424548174666,
   0.24983364162149943,
   0.22819848756583522,
   0.16476133980240054,
   0.1605964253797131,
   0.1880150303974611,
   0.11223164831135286,
   0.0,
   0.1115301740396236
  ],
  [
   0.39837597090488885,
   0.3716481855685284,
   0.3097450762403781,
   0.27553632961017566,
   0.23487562396167874,
   0.39843664434304615,
   0.46821339842952964,
   0.5328074725877963,
   0.6473070575909488,
   0.3521131793794648,
   0.49332050995050775,
   0.5899459027302919,
   0.6933028793627097,
   0.2539129266061907,
   0.28968383388873964,
   0.24505519536297937,
   0.18350898605139473,
   0.19869346451278397,
   0.18919310042707446,
   0.1115301740396236,
   0.0
  ]
 ]
}