{
 "4": [
  [
   0.0,
   0.23717714150928132,
   0.420833002149697,
   0.5758876773850907,
   0.7697546727719707,
   0.5589891643896457,
   0.6587543972875628,
   0.5960545092160898,
   0.5035567233915309,
   0.583880293487762,
   0.6435109954519024,
   0.5485040786810121,
   0.4428706316703004,
   0.5298751450585344,
   0.6201062130211329,
   0.5330140442322148,
   0.44102626469141026,
   0.5032215821374783,
   0.6231841773524638,
   0.7162539286318474,
   0.822660441565621
  ],
  [
   0.23717714150928132,
   0.0,
   0.1871264036238066,
   0.3482387223967172,
   0.5486586759921204,
   0.40118024295428867,
   0.500904650916798,
   0.42972161782055873,
   0.3211180893762281,
   0.47807918295596963,
   0.5252649612444545,
   0.42702537446057853,
   0.3133254410942749,
   0.4842392878295374,
   0.5405583512944884,
   0.45690322433199604,
   0.3752283753168883,
   0.5056807843993301,
   0.6063199770268356,
   0.6891719943409051,
   0.7876217285046129
  ],
  [
   0.420833002149697,
   0.1871264036238066,
   0.0,
   0.16356586835138565,
   0.3671529902682018,
   0.31687727346504085,
   0.4209167564783934,
   0.3634673633300211,
   0.27111800844803124,
   0.4420164572377191,
   0.4874989145093588,
   0.41204525395608615,
   0.3308169942792615,
   0.5076866731536493,
   0.5398513587372906,
   0.48271088818767194,
   0.43710429551942653,
   0.5689341559845813,
   0.6469340032332263,
   0.7191841421998306,
   0.8085089796736795
  ],
  [
   0.5758876773850907,
   0.3482387223967172,
   0.16356586835138565,
   0.0,
   0.20611749864390844,
   0.3056015994034093,
   0.4119642211080947,
   0.3884319784229324,
   0.34059493955891895,
   0.45706436246790494,
   0.5099330318547963,
   0.470000984758931,
   0.4306830600343739,
   0.5670980264804004,
   0.5882306005257132,
   0.5630076646908321,
   0.5503580857709421,
   0.6554376751896978,
   0.7156677170444778,
   0.780047416667701,
   0.8618326603918639
  ],
  [
   0.7697546727719707,
   0.5486586759921204,
   0.3671529902682018,
   0.20611749864390844,
   0.0,
   0.4253747212115074,
   0.5231603867627342,
   0.5329685406522228,
   0.5178804055009459,
   0.5765267955528804,
   0.638104122124735,
   0.6303534398329879,
   0.6182671789667175,
   0.7154719903323297,
   0.7322794907032485,
   0.7333290805897311,
   0.7409486205495094,
   0.821514789336001,
   0.8683375225252078,
   0.9259717486187352,
   1.0
  ],
  [
   0.5589891643896457,
   0.40118024295428867,
   0.31687727346504085,
   0.3056015994034093,
   0.4253747212115074,
   0.0,
   0.2020171806029236,
   0.2614960693046997,
   0.31571848070376807,
   0.15443521661442966,
   0.26580875869240705,
   0.29302777495340315,
   0.3453806197841051,
   0.29300157597397003,
   0.3400741978572232,
   0.3804348327495617,
   0.44235124925964303,
   0.41043268820898565,
   0.4535510511357341,
   0.5233695674156587,
   0.6144662149893567
  ],
  [
   0.6587543972875628,
   0.500904650916798,
   0.4209167564783934,
   0.4119642211080947,
   0.5231603867627342,
   0.2020171806029236,
   0.0,
   0.1345285793890768,
   0.2688198945062433,
   0.2062051179741284,
   0.12368670681597504,
   0.1847551749113243,
   0.2998682957910303,
   0.30045654891759205,
   0.23113762166544788,
   0.28533691869242844,
   0.38462438418479616,
   0.3973151142481163,
   0.38938100159907657,
   0.41843345310897884,
   0.4795609816348798
  ],
  [
   0.5960545092160898,
   0.42972161782055873,
   0.3634673633300211,
   0.3884319784229324,
   0.5329685406522228,
   0.2614960693046997,
   0.1345285793890768,
   0.0,
   0.1459607551755597,
   0.2910702469695556,
   0.18122491393574752,
   0.12100456362325825,
   0.18892549730163397,
   0.3399029538289989,
   0.25279154211147764,
   0.22747643920766364,
   0.2849330215142608,
   0.4023005731567221,
   0.409663607215593,
   0.4366196065810454,
   0.4945092051416283
  ],
  [
   0.5035567233915309,
   0.3211180893762281,
   0.27111800844803124,
   0.34059493955891895,
   0.5178804055009459,
   0.31571848070376807,
   0.2688198945062433,
   0.1459607551755597,
   0.0,
   0.377609809756049,
   0.30813172470550615,
   0.19464159684446927,
   0.1209012869054836,
   0.4066436292522875,
   0.352162648730789,
   0.26760684828065545,
   0.23921803758201696,
   0.44558195205414997,
   0.4840053670856358,
   0.523741439459532,
   0.5888401547826421
  ],
  [
   0.583880293487762,
   0.47807918295596963,
   0.4420164572377191,
   0.45706436246790494,
   0.5765267955528804,
   0.15443521661442966,
   0.2062051179741284,
   0.2910702469695556,
   0.377609809756049,
   0.0,
   0.19329054608859655,
   0.2669097801520905,
   0.36351311400685205,
   0.16431926434281066,
   0.23717943484989673,
   0.3243767790661534,
   0.42516730749154663,
   0.2963432713977325,
   0.3223556479633396,
   0.3956587712305192,
   0.49307164448777013
  ],
  [
   0.6435109954519024,
   0.5252649612444545,
   0.4874989145093588,
   0.5099330318547963,
   0.638104122124735,
   0.26580875869240705,
   0.12368670681597504,
   0.18122491393574752,
   0.30813172470550615,
   0.19329054608859655,
   0.0,
   0.14168747081302088,
   0.28967268490663217,
   0.21829056365077135,
   0.10982278690356718,
   0.20413412220566615,
   0.33679664165852824,
   0.2969378062751922,
   0.2698108005835855,
   0.29501314379116667,
   0.3628368380433725
  ],
  [
   0.5485040786810121,
   0.42702537446057853,
   0.41204525395608615,
   0.470000984758931,
   0.6303534398329879,
   0.29302777495340315,
   0.1847551749113243,
   0.12100456362325825,
   0.19464159684446927,
   0.2669097801520905,
   0.14168747081302088,
   0.0,
   0.15186610232941924,
   0.2550791127381756,
   0.15874409845701176,
   0.11024110314799566,
   0.20432714500883148,
   0.2913038727252499,
   0.2997098313404213,
   0.33296093895974993,
   0.4032336863364493
  ],
  [
   0.4428706316703004,
   0.3133254410942749,
   0.3308169942792615,
   0.4306830600343739,
   0.6182671789667175,
   0.3453806197841051,
   0.2998682957910303,
   0.18892549730163397,
   0.1209012869054836,
   0.36351311400685205,
   0.28967268490663217,
   0.15186610232941924,
   0.0,
   0.3423833826515292,
   0.2946325494662696,
   0.1772985666658782,
   0.12361332369519751,
   0.3505942844653883,
   0.397809739698325,
   0.4432663060455319,
   0.5164223458316151
  ],
  [
   0.5298751450585344,
   0.4842392878295374,
   0.5076866731536493,
   0.5670980264804004,
   0.7154719903323297,
   0.29300157597397003,
   0.30045654891759205,
   0.3399029538289989,
   0.4066436292522875,
   0.16431926434281066,
   0.21829056365077135,
   0.2550791127381756,
   0.3423833826515292,
   0.0,
   0.17578086216264024,
   0.25079129788115595,
   0.3546217115724923,
   0.1341859462293997,
   0.1816223552277371,
   0.2799532838386833,
   0.3957956270583524
  ],
  [
   0.6201062130211329,
   0.5405583512944884,
   0.5398513587372906,
   0.5882306005257132,
   0.7322794907032485,
   0.3400741978572232,
   0.23113762166544788,
   0.25279154211147764,
   0.352162648730789,
   0.23717943484989673,
   0.10982278690356718,
   0.15874409845701176,
   0.2946325494662696,
   0.17578086216264024,
   0.0,
   0.15110894716914985,
   0.30007633457107385,
   0.21039502509866462,
   0.16606360115257712,
   0.19457051573846731,
   0.27914293499203774
  ],
  [
   0.5330140442322148,
   0.45690322433199604,
   0.48271088818767194,
   0.5630076646908321,
   0.7333290805897311,
   0.3804348327495617,
   0.28533691869242844,
   0.22747643920766364,
   0.26760684828065545,
   0.3243767790661534,
   0.20413412220566615,
   0.11024110314799566,
   0.1772985666658782,
   0.25079129788115595,
   0.15110894716914985,
   0.0,
   0.15183184020234977,
   0.2329247009607133,
   0.23810155396322596,
   0.267523598886764,
   0.3410760738671738
  ],
  [
   0.44102626469141026,
   0.3752283753168883,
   0.43710429551942653,
   0.5503580857709421,
   0.7409486205495094,
   0.44235124925964303,
   0.38462438418479616,
   0.2849330215142608,
   0.23921803758201696,
   0.42516730749154663,
   0.33679664165852824,
   0.20432714500883148,
   0.12361332369519751,
   0.3546217115724923,
   0.30007633457107385,
   0.15183184020234977,
   0.0,
   0.31531713583431,
   0.3596242979493058,
   0.3972599049681571,
   0.46595968938828497
  ],
  [
   0.5032215821374783,
   0.5056807843993301,
   0.5689341559845813,
   0.6554376751896978,
   0.821514789336001,
   0.41043268820898565,
   0.3973151142481163,
   0.4023005731567221,
   0.44558195205414997,
   0.2963432713977325,
   0.2969378062751922,
   0.2913038727252499,
   0.3505942844653883,
   0.1341859462293997,
   0.21039502509866462,
   0.2329247009607133,
   0.31531713583431,
   0.0,
   0.12589244965198676,
   0.23351505619150145,
   0.3537677675063237
  ],
  [
   0.6231841773524638,
   0.6063199770268356,
   0.6469340032332263,
   0.7156677170444778,
   0.8683375225252078,
   0.4535510511357341,
   0.38938100159907657,
   0.409663607215593,
   0.4840053670856358,
   0.3223556479633396,
   0.2698108005835855,
   0.2997098313404213,
   0.397809739698325,
   0.1816223552277371,
   0.16606360115257712,
   0.23810155396322596,
   0.3596242979493058,
   0.12589244965198676,
   0.0,
   0.11214287456902645,
   0.2342544130621897
  ],
  [
   0.7162539286318474,
   0.6891719943409051,
   0.7191841421998306,
   0.780047416667701,
   0.9259717486187352,
   0.5233695674156587,
   0.41843345310897884,
   0.4366196065810454,
   0.523741439459532,
   0.3956587712305192,
   0.29501314379116667,
   0.33296093895974993,
   0.4432663060455319,
   0.2799532838386833,
   0.19457051573846731,
   0.267523598886764,
   0.3972599049681571,
   0.23351505619150145,
   0.11214287456902645,
   0.0,
   0.12211528344760927
  ],
  [
   0.822660441565621,
   0.7876217285046129,
   0.8085089796736795,
   0.8618326603918639,
   1.0,
   0.6144662149893567,
   0.4795609816348798,
   0.4945092051416283,
   0.5888401547826421,
   0.49307164448777013,
   0.3628368380433725,
   0.4032336863364493,
   0.5164223458316151,
   0.3957956270583524,
   0.27914293499203774,
   0.3410760738671738,
   0.46595968938828497,
   0.3537677675063237,
   0.2342544130621897,
   0.12211528344760927,
   0.0
  ]
 ]
}